0.03277236	738.701879	738.701879	564.352214	564.352214	
0.03767026	738.702167	738.701879	564.351926	564.352214	
0.04757906	738.703732	738.701879	564.350361	564.352214	
0.05793686	738.706247	738.701879	564.347846	564.352214	
0.06813266	738.709548	738.701879	564.344545	564.343487	
0.07809846	738.713555	738.701879	564.340538	564.343487	
0.08909525	738.718992	738.701879	564.3351	564.33476	
0.100239	738.725502	738.701879	564.328591	564.33476	
0.1114488	738.73306	738.701879	564.321033	564.326034	
0.1226856	738.741647	738.701879	564.312446	564.317307	
0.1338154	738.751138	738.701879	564.302955	564.317307	
0.1450581	738.761745	738.710606	564.292348	564.30858	
0.1563299	738.773393	738.710606	564.280699	564.299854	
0.1674237	738.785833	738.710606	564.26826	564.299854	
0.1786815	738.799481	738.728059	564.254612	564.2824	
0.1898713	738.814046	738.745512	564.240047	564.2824	
0.201039	738.829577	738.745512	564.224516	564.264947	
0.2122198	738.846126	738.771692	564.207967	564.256221	
0.2234486	738.863757	738.789146	564.190336	564.247494	
0.2348054	738.88263	738.815326	564.171463	564.230041	
0.2458172	738.901883	738.850232	564.15221	564.212587	
0.2574589	738.923352	738.876412	564.13074	564.195134	
0.2681547	738.943949	738.902592	564.110144	564.186407	
0.2794485	738.966744	738.928772	564.087349	564.168954	
0.2908873	738.990887	738.954952	564.063206	564.151501	
0.3105539	739.036146	739.007312	564.017947	564.125321	
0.3149688	739.046188	739.016039	564.007905	564.116594	
0.3251746	739.070474	739.033492	563.983619	564.099141	
0.3356394	739.096265	739.059672	563.957828	564.081688	
0.3468192	739.12485	739.077125	563.929243	564.055508	
0.358028	739.154615	739.094578	563.899478	564.038054	
0.3692377	739.185191	739.112032	563.868902	564.020601	
0.3804135	739.21678	739.129485	563.837312	563.985694	
0.3915633	739.249272	739.155665	563.804821	563.959515	
0.4027601	739.282912	739.173118	563.771181	563.933335	
0.4140229	739.317771	739.199298	563.736322	563.898428	
0.4251816	739.353302	739.234205	563.700791	563.854795	
0.4363354	739.389807	739.269111	563.664286	563.819888	
0.4474932	739.427327	739.304018	563.626766	563.776255	
0.4592	739.467801	739.338924	563.586292	563.732622	
0.4704038	739.507535	739.382558	563.546557	563.680262	
0.4815825	739.548173	739.426191	563.50592	563.627902	
0.4927113	739.589609	739.478551	563.464484	563.575542	
0.5039941	739.632659	739.530911	563.421433	563.523182	
0.5158519	739.679056	739.583271	563.375037	563.470822	
0.5266206	739.722049	739.644357	563.332044	563.418462	
0.5378144	739.76779	739.696717	563.286303	563.357376	
0.5489952	739.814447	739.757803	563.239646	563.305016	
0.560207	739.862254	739.810163	563.191839	563.252656	
0.5713858	739.910926	739.87125	563.143167	563.19157	
0.5825685	739.960622	739.932336	563.093471	563.130483	
0.5937373	740.011234	740.00215	563.042859	563.078123	
0.6049441	740.063063	740.054509	562.99103	563.017037	
0.6160829	740.115515	740.106869	562.938578	562.95595	
0.6273147	740.169437	740.176682	562.884656	562.90359	
0.6469783	740.267625	740.263949	562.786468	562.798871	
0.6513482	740.289292	740.290129	562.764801	562.772691	
0.661552	740.341041	740.351215	562.713052	562.711604	
0.6720248	740.395049	740.394849	562.659044	562.667971	
0.6832426	740.453922	740.455935	562.600171	562.615611	
0.6944733	740.513878	740.508295	562.540215	562.554525	
0.7061621	740.5774	740.569382	562.476693	562.502165	
0.7172639	740.638692	740.630468	562.415401	562.449805	
0.7281247	740.699558	740.682828	562.354535	562.397445	
0.7395365	740.764608	740.735188	562.289484	562.336358	
0.7505212	740.828178	740.805001	562.225915	562.275272	
0.761743	740.894119	740.857361	562.159974	562.222912	
0.7729008	740.960677	740.918447	562.093415	562.161825	
0.7841046	741.028541	740.979534	562.025552	562.100739	
0.7953124	741.097384	741.049347	561.956709	562.030926	
0.8064571	741.1669	741.11916	561.887193	561.961113	
0.8181639	741.240992	741.180247	561.813101	561.891299	
0.8290167	741.310563	741.258787	561.74353	561.821486	
0.8402065	741.383391	741.3286	561.670702	561.751673	
0.8515493	741.458171	741.398413	561.595922	561.673133	
0.862711	741.532792	741.468226	561.5213	561.594593	
0.8739308	741.608763	741.538039	561.445329	561.52478	
0.8851136	741.685517	741.625306	561.368576	561.437514	
0.8962654	741.763065	741.703846	561.291028	561.358974	
0.9077232	741.843812	741.782385	561.21028	561.271708	
0.9189139	741.923648	741.860925	561.130445	561.193168	
0.9298757	742.002764	741.948192	561.051329	561.105901	
0.9410535	742.084477	742.026731	560.969616	561.009908	
0.9521973	742.166957	742.122725	560.887136	560.922642	
0.9634551	742.251284	742.201264	560.802809	560.844102	
0.9746388	742.336047	742.288531	560.718046	560.748109	
0.9857956	742.421607	742.375797	560.632486	560.660842	
1.005462	742.576233	742.463064	560.47786	560.512489	
1.009857	742.610609	742.567784	560.443484	560.468856	
1.020041	742.69145	742.65505	560.362643	560.38159	
1.030606	742.776249	742.742316	560.277844	560.294323	
1.042199	742.870388	742.829583	560.183705	560.19833	
1.053505	742.963246	742.934303	560.090847	560.102337	
1.065894	743.066254	743.021569	559.987839	559.997617	
1.075676	743.148233	743.117562	559.90586	559.910351	
1.086895	743.243345	743.213555	559.810748	559.814358	
1.098049	743.338899	743.309548	559.715194	559.709638	
1.10961	743.439054	743.414268	559.615039	559.604918	
1.120835	743.537239	743.510261	559.516854	559.508925	
1.131936	743.635327	743.597528	559.418765	559.404205	
1.143431	743.738027	743.702248	559.316065	559.308212	
1.154894	743.841483	743.806967	559.21261	559.203492	
1.174249	744.019746	743.9815	559.034347	559.028959	
1.178682	744.060352	744.016407	558.993741	558.994053	
1.18888	744.155125	744.1124	558.898968	558.89806	
1.199544	744.255166	744.208393	558.798927	558.802067	
1.2111	744.364634	744.304386	558.689459	558.697347	
1.221887	744.467685	744.400379	558.586407	558.601354	
1.233067	744.575529	744.505099	558.478564	558.496634	
1.244192	744.68382	744.609819	558.370273	558.400641	
1.25542	744.794186	744.714539	558.259906	558.287194	
1.266624	744.90524	744.827985	558.148853	558.182475	
1.27781	745.017146	744.941431	558.036947	558.077755	
1.289066	745.130799	745.063604	557.923294	557.964309	
1.300183	745.244	745.177051	557.810093	557.850862	
1.311437	745.359658	745.290497	557.694435	557.746142	
1.322613	745.475458	745.41267	557.578635	557.632696	
1.333798	745.592363	745.534843	557.46173	557.51925	
1.34503	745.710845	745.64829	557.343248	557.405803	
1.356324	745.830918	745.761736	557.223175	557.28363	
1.367586	745.951686	745.892636	557.102406	557.161457	
1.378595	746.070678	746.006082	556.983415	557.048011	
1.389712	746.191841	746.136982	556.862251	556.925838	
1.400899	746.314816	746.259155	556.739277	556.803665	
1.412053	746.438367	746.390055	556.615726	556.681492	
1.423314	746.564156	746.512228	556.489937	556.550592	
1.434458	746.689581	746.643127	556.364512	556.419692	
1.445645	746.816538	746.774027	556.237554	556.288792	
1.456834	746.944555	746.904927	556.109538	556.157893	
1.467976	747.072945	747.035826	555.981148	556.018266	
1.479248	747.203889	747.166726	555.850203	555.887367	
1.490421	747.334702	747.297626	555.719391	555.74774	
1.501559	747.466037	747.419799	555.588056	555.608114	
1.512821	747.599902	747.550699	555.454191	555.477214	
1.524245	747.73678	747.681598	555.317313	555.337588	
1.535447	747.871884	747.821225	555.182209	555.206688	
1.548261	748.029708	747.952124	555.024384	555.075789	
1.558265	748.15044	748.091751	554.903653	554.936162	
1.569532	748.289427	748.22265	554.764666	554.796536	
1.580732	748.428625	748.362277	554.625467	554.665636	
1.591917	748.568663	748.501903	554.48543	554.52601	
1.60312	748.709867	748.650256	554.344226	554.386384	
1.614326	748.852151	748.798609	554.201942	554.246757	
1.625504	748.995117	748.938235	554.058976	554.107131	
1.636664	749.135824	749.077862	553.918269	553.967505	
1.647824	749.275565	749.217488	553.778528	553.827878	
1.660043	749.427357	749.374568	553.626736	553.670799	
1.671239	749.565526	749.522921	553.488566	553.522446	
1.682404	749.702311	749.671274	553.351782	553.374093	
1.693595	749.838407	749.8109	553.215686	553.234466	
1.704919	749.975191	749.959253	553.078901	553.077387	
1.716064	750.108764	750.107606	552.945329	552.93776	
1.727152	750.240692	750.247232	552.813401	552.789407	
1.746891	750.471901	750.491578	552.582192	552.545061	
1.751297	750.523545	750.552665	552.530548	552.483975	
1.76148	750.642078	750.674838	552.412015	552.353075	
1.771945	750.762976	750.797011	552.291117	552.222175	
1.783115	750.890962	750.936637	552.16313	552.082549	
1.794356	751.018781	751.067537	552.035312	551.951649	
1.805476	751.144349	751.207163	551.909744	551.812023	
1.816764	751.270717	751.34679	551.783376	551.681123	
1.827843	751.393792	751.468963	551.660301	551.550224	
1.839083	751.517692	751.599862	551.536401	551.419324	
1.850338	751.640764	751.730762	551.413329	551.288424	
1.861472	751.761515	751.852935	551.292578	551.166251	
1.872715	751.882517	751.975108	551.171576	551.044078	
1.883807	752.000842	752.079828	551.053251	550.930632	
1.895029	752.119637	752.202001	550.934456	550.808459	
1.906317	752.238119	752.315447	550.815974	550.703739	
1.917367	752.353126	752.428894	550.700967	550.590292	
1.928662	752.469715	752.533614	550.584378	550.476846	
1.939746	752.583124	752.638333	550.470969	550.372126	
1.950889	752.696202	752.743053	550.357891	550.267407	
1.962183	752.809848	752.847773	550.244245	550.15396	
1.973271	752.920379	752.961219	550.133714	550.057967	
1.984493	753.031296	753.074666	550.022797	549.953247	
1.995836	753.142435	753.179385	549.911658	549.848528	
2.006742	753.248315	753.292832	549.805778	549.743808	
2.026656	753.437927	753.476091	549.616166	549.569275	
2.031007	753.479409	753.528451	549.574684	549.525642	
2.04125	753.576143	753.624444	549.47795	549.429649	
2.051677	753.673759	753.720437	549.380334	549.333655	
2.062897	753.777798	753.825157	549.276295	549.237662	
2.074087	753.880555	753.938604	549.173538	549.132943	
2.085233	753.981984	754.034597	549.072109	549.036949	
2.096376	754.082336	754.139316	548.971756	548.93223	
2.107686	754.183259	754.244036	548.870834	548.836237	
2.118824	754.281642	754.348756	548.772451	548.731517	
2.129982	754.379264	754.453476	548.674829	548.635524	
2.141175	754.476162	754.558196	548.577931	548.530804	
2.152327	754.57178	754.645462	548.482313	548.434811	
2.163544	754.666962	754.741455	548.387131	548.338818	
2.174995	754.763172	754.837448	548.290921	548.234098	
2.186178	754.85602	754.933441	548.198073	548.138105	
2.197273	754.947247	755.020708	548.106846	548.042112	
2.226689	755.180364	755.186514	547.873729	547.806492	
2.231114	755.215636	755.291234	547.838457	547.762859	
2.242167	755.302664	755.369774	547.751429	547.675593	
2.253601	755.391705	755.465767	547.662388	547.5796	
2.264699	755.477095	755.544307	547.576998	547.50106	
2.275822	755.561768	755.622846	547.492324	547.42252	
2.287052	755.646272	755.710113	547.407821	547.335253	
2.298191	755.729108	755.779926	547.324985	547.256714	
2.309819	755.814539	755.867192	547.239554	547.169447	
2.321028	755.895912	755.945732	547.158181	547.099634	
2.332139	755.975642	756.024272	547.078451	547.021094	
2.343543	756.056444	756.094085	546.997649	546.951281	
2.354662	756.135386	756.163898	546.918707	546.872741	
2.365712	756.210641	756.242438	546.843452	546.802928	
2.376991	756.287645	756.320978	546.766448	546.733115	
2.388036	756.362108	756.399518	546.691984	546.663302	
2.399225	756.43654	756.478058	546.617552	546.593488	
2.410463	756.510345	756.547871	546.543748	546.523675	
2.42198	756.58496	756.617684	546.469133	546.453862	
2.432855	756.654492	756.687497	546.399601	546.375322	
2.443944	756.724431	756.75731	546.329662	546.314236	
2.455388	756.795649	756.827124	546.258444	546.244423	
2.466514	756.863837	756.896937	546.190256	546.174609	
2.477678	756.931353	756.96675	546.12274	546.104796	
2.488945	756.998502	757.036563	546.055591	546.034983	
2.500628	757.067045	757.106376	545.987048	545.96517	
2.511851	757.131961	757.176189	545.922132	545.904083	
2.523353	757.197478	757.246003	545.856615	545.83427	
2.534516	757.260058	757.307089	545.794034	545.773184	
2.545676	757.321685	757.368176	545.732408	545.712097	
2.55684	757.382394	757.429262	545.671699	545.642284	
2.567998	757.442076	757.490349	545.612017	545.581198	
2.579527	757.50274	757.560162	545.551353	545.520111	
2.59052	757.559682	757.629975	545.494411	545.459024	
2.601659	757.616375	757.682335	545.437718	545.406665	
2.612855	757.672408	757.743421	545.381685	545.345578	
2.624061	757.727555	757.804508	545.326537	545.284492	
2.635357	757.782129	757.848141	545.271963	545.232132	
2.646458	757.834834	757.909228	545.219259	545.179772	
2.657784	757.887637	757.944134	545.166456	545.127412	
2.668993	757.938906	757.996494	545.115187	545.083779	
2.680069	757.988647	758.048854	545.065446	545.031419	
2.691323	758.038211	758.092487	545.015882	544.987786	
2.70244	758.086233	758.13612	544.96786	544.944152	
2.713659	758.133747	758.179754	544.920346	544.891792	
2.72483	758.180079	758.223387	544.874014	544.848159	
2.735972	758.225354	758.258294	544.828739	544.804526	
2.747248	758.270203	758.301927	544.78389	544.760893	
2.766883	758.344759	758.380467	544.709334	544.682353	
2.771272	758.361499	758.39792	544.692594	544.6649	
2.781425	758.399303	758.432826	544.65479	544.629993	
2.791914	758.4375	758.467733	544.616593	544.595086	
2.803154	758.477428	758.511366	544.576665	544.56018	
2.814315	758.516269	758.555	544.537824	544.516547	
2.825507	758.554038	758.589906	544.500055	544.48164	
2.836938	758.591753	758.624813	544.46234	544.446734	
2.848708	758.629501	758.659719	544.424592	544.411827	
2.859492	758.663231	758.694626	544.390862	544.37692	
2.870657	758.697228	758.720806	544.356865	544.35074	
2.881789	758.730191	758.755712	544.323902	544.315834	
2.892976	758.762381	758.781892	544.291712	544.289654	
2.904142	758.793592	758.816799	544.260501	544.263474	
2.91538	758.824032	758.851705	544.230061	544.237294	
2.926526	758.853329	758.877885	544.200763	544.211114	
2.937776	758.881932	758.904065	544.172161	544.184934	
2.948969	758.909482	758.930245	544.144611	544.158754	
2.96015	758.936048	758.956425	544.118045	544.132574	
2.971366	758.961785	758.991332	544.092308	544.106394	
2.982552	758.986536	759.008785	544.067557	544.080214	
2.993705	759.010315	759.034965	544.043778	544.054034	
3.004926	759.033284	759.061145	544.020809	544.036581	
3.016016	759.055105	759.078598	543.998988	544.019128	
3.027298	759.076366	759.096052	543.977727	543.992948	
3.046969	759.110053	759.130958	543.94404	543.958041	
3.051384	759.117708	759.139685	543.936385	543.949315	
3.072433	759.149823	759.165865	543.90427	543.914408	
3.084713	759.167892	759.183318	543.886201	543.896955	
3.089128	759.17436	759.200771	543.879733	543.888228	
3.099304	759.18838	759.200771	543.865713	543.870775	
3.10944	759.201618	759.218225	543.852474	543.862048	
3.120092	759.214745	759.235678	543.839348	543.844595	
3.129954	759.226245	759.235678	543.827848	543.835868	
3.141409	759.238663	759.244405	543.81543	543.827142	
3.152529	759.249886	759.253131	543.804207	543.809688	
3.163719	759.260348	759.261858	543.793745	543.809688	
3.174918	759.269996	759.270584	543.784097	543.800962	
3.186045	759.278782	759.270584	543.775311	543.792235	
3.197247	759.286826	759.270584	543.767267	543.792235	
3.218151	759.298451	759.270584	543.755642	543.783508	
3.222541	759.301012	759.270584	543.753081	543.783508	
3.232804	759.306228	759.270584	543.747865	543.783508	
3.242846	759.310771	759.270584	543.743321	543.783508	
3.253189	759.314868	759.270584	543.739224	543.783508	
3.264348	759.318612	759.270584	543.73548	543.783508	
3.275625	759.321773	759.270584	543.73232	543.783508	
3.288456	759.324569	759.270584	543.729523	543.783508	
3.297937	759.326354	759.270584	543.727739	543.783508	
3.309532	759.331879	759.270584	543.722214	543.783508	
3.320751	759.331879	759.279311	543.722214	543.783508	
3.331883	759.331879	759.288038	543.722214	543.783508	
3.343059	759.331879	759.288038	543.722214	543.783508	
3.354294	759.331879	759.296764	543.722214	543.774782	
3.365388	759.331879	759.305491	543.722214	543.774782	
3.376673	759.331879	759.305491	543.722214	543.774782	
3.38773	759.331879	759.305491	543.722214	543.774782	
3.398944	759.331879	759.305491	543.722214	543.774782	
3.410114	759.331879	759.305491	543.722214	543.774782	
3.421252	759.331879	759.305491	543.722214	543.774782	
3.432427	759.331879	759.305491	543.722214	543.774782	
3.443608	759.331879	759.305491	543.722214	543.774782	
3.454815	759.331879	759.305491	543.722214	543.774782	
3.466169	759.331879	759.305491	543.722214	543.774782	
3.477136	759.331879	759.305491	543.722214	543.774782	
3.488241	759.331879	759.305491	543.722214	543.774782	
3.499817	759.331879	759.305491	543.722214	543.774782	
3.51072	759.331879	759.305491	543.722214	543.774782	
3.52199	759.331879	759.305491	543.722214	543.774782	
3.533064	759.331879	759.305491	543.722214	543.774782	
3.544408	759.331879	759.305491	543.722214	543.774782	
3.555913	759.331879	759.305491	543.722214	543.774782	
3.567577	759.331879	759.305491	543.722214	543.774782	
3.578298	759.331879	759.305491	543.722214	543.774782	
3.589475	759.331879	759.305491	543.722214	543.774782	
3.600637	759.331879	759.305491	543.722214	543.774782	
3.611747	759.331879	759.305491	543.722214	543.774782	
3.622947	759.331879	759.305491	543.722214	543.774782	
3.634118	759.331879	759.305491	543.722214	543.774782	
3.645532	759.331879	759.305491	543.722214	543.774782	
3.656719	759.331879	759.305491	543.722214	543.774782	
3.667918	759.331879	759.305491	543.722214	543.774782	
3.678859	759.331879	759.305491	543.722214	543.774782	
3.690038	759.331879	759.305491	543.722214	543.774782	
3.701173	759.331879	759.305491	543.722214	543.766055	
3.712304	759.331879	759.305491	543.722214	543.766055	
3.723535	759.331879	759.305491	543.722214	543.766055	
3.735047	759.331879	759.305491	543.722214	543.766055	
3.746197	759.331879	759.305491	543.722214	543.766055	
3.757325	759.331879	759.305491	543.722214	543.766055	
3.769328	759.331879	759.305491	543.722214	543.766055	
3.779766	759.331879	759.305491	543.722214	543.766055	
3.790967	759.331879	759.305491	543.722214	543.766055	
3.802115	759.331879	759.305491	543.722214	543.766055	
3.813248	759.331879	759.305491	543.722214	543.766055	
3.824476	759.331879	759.305491	543.722214	543.757328	
3.835686	759.331879	759.305491	543.722214	543.757328	
3.847554	759.331879	759.305491	543.722214	543.748602	
3.857951	759.331879	759.305491	543.722214	543.739875	
3.869574	759.331879	759.305491	543.722214	543.739875	
3.880761	759.331879	759.305491	543.722214	543.739875	
3.891929	759.331879	759.305491	543.722214	543.739875	
3.903087	759.331879	759.305491	543.722214	543.739875	
3.914263	759.331879	759.305491	543.722214	543.739875	
3.925442	759.331879	759.305491	543.722214	543.739875	
3.936575	759.331879	759.305491	543.722214	543.748602	
3.947825	759.331879	759.305491	543.722214	543.748602	
3.95895	759.331879	759.305491	543.722214	543.748602	
3.970201	759.331879	759.305491	543.722214	543.748602	
3.981345	759.331879	759.305491	543.722214	543.748602	
3.99248	759.331879	759.305491	543.722214	543.748602	
4.003693	759.331879	759.305491	543.722214	543.748602	
4.015129	759.331879	759.305491	543.722214	543.748602	
4.026012	759.331879	759.305491	543.722214	543.748602	
4.03729	759.331879	759.305491	543.722214	543.748602	
4.048394	759.331879	759.305491	543.722214	543.748602	
4.059869	759.331879	759.305491	543.722214	543.748602	
4.071075	759.331879	759.305491	543.722214	543.748602	
4.082231	759.331879	759.305491	543.722214	543.748602	
4.093101	759.331879	759.305491	543.722214	543.748602	
4.104235	759.331879	759.305491	543.722214	543.748602	
4.115441	759.331879	759.305491	543.722214	543.748602	
4.126588	759.331879	759.305491	543.722214	543.748602	
4.137722	759.331879	759.305491	543.722214	543.748602	
4.148942	759.331879	759.305491	543.722214	543.748602	
4.160094	759.331879	759.305491	543.722214	543.748602	
4.171003	759.331879	759.305491	543.722214	543.748602	
4.182745	759.331879	759.305491	543.722214	543.748602	
4.193925	759.331879	759.305491	543.722214	543.748602	
4.205054	759.331879	759.305491	543.722214	543.748602	
4.216212	759.331879	759.305491	543.722214	543.748602	
4.227483	759.331879	759.305491	543.722214	543.748602	
4.238417	759.331879	759.305491	543.722214	543.748602	
4.249911	759.331879	759.305491	543.722214	543.748602	
4.260997	759.331879	759.305491	543.722214	543.748602	
4.271942	759.331879	759.305491	543.722214	543.748602	
4.283144	759.331879	759.305491	543.722214	543.748602	
4.294303	759.331879	759.305491	543.722214	543.748602	
4.305809	759.331879	759.305491	543.722214	543.748602	
4.316625	759.331879	759.305491	543.722214	543.748602	
4.327826	759.331879	759.305491	543.722214	543.748602	
4.339443	759.331879	759.305491	543.722214	543.748602	
4.350289	759.331879	759.305491	543.722214	543.748602	
4.361739	759.331879	759.305491	543.722214	543.748602	
4.372613	759.331879	759.305491	543.722214	543.748602	
4.383792	759.331879	759.305491	543.722214	543.748602	
4.395365	759.331879	759.305491	543.722214	543.748602	
4.406134	759.331879	759.305491	543.722214	543.748602	
4.417564	759.331879	759.305491	543.722214	543.748602	
4.428481	759.331879	759.305491	543.722214	543.748602	
4.439948	759.331879	759.314218	543.722214	543.748602	
