0.03313164	31.2937535	31.2937535	-30.2814625	-30.2814625	
0.03775559	31.2939452	31.2937535	-30.2816542	-30.2814625	
0.04799748	31.2951733	31.2937535	-30.2828823	-30.2814625	
0.05809737	31.2969921	31.2937535	-30.2847011	-30.2814625	
0.06928025	31.2998061	31.2937535	-30.2875151	-30.2814625	
0.08056713	31.3033858	31.2937535	-30.2910948	-30.2814625	
0.09175001	31.3076936	31.2937535	-30.2954027	-30.2814625	
0.1029289	31.3127502	31.2937535	-30.3004592	-30.2814625	
0.1142098	31.3186194	31.3024801	-30.3063284	-30.2814625	
0.1256446	31.3253607	31.3024801	-30.3130697	-30.2814625	
0.1368585	31.3327139	31.3024801	-30.3204229	-30.2814625	
0.1480054	31.3407692	31.3024801	-30.3284782	-30.2814625	
0.1594643	31.3498494	31.3024801	-30.3375584	-30.2814625	
0.1705652	31.3593707	31.3024801	-30.3470798	-30.2814625	
0.181744	31.3697142	31.3024801	-30.3574232	-30.2814625	
0.1929239	31.3808076	31.3024801	-30.3685166	-30.2814625	
0.2041088	31.3926545	31.3024801	-30.3803635	-30.2901892	
0.2153217	31.405291	31.3112068	-30.393	-30.2901892	
0.2266106	31.4187767	31.3112068	-30.4064857	-30.2989158	
0.2378904	31.4330187	31.3112068	-30.4207278	-30.2989158	
0.2489773	31.4477443	31.3112068	-30.4354533	-30.2989158	
0.2687271	31.4768385	31.3286601	-30.4645475	-30.2989158	
0.2731121	31.4831981	31.3286601	-30.4709071	-30.2989158	
0.2832889	31.4987866	31.3461134	-30.4864956	-30.3076425	
0.2938628	31.5156634	31.3461134	-30.5033724	-30.3163691	
0.3050487	31.5342935	31.3635667	-30.5220026	-30.3338224	
0.3162366	31.5536639	31.38102	-30.5413729	-30.3600023	
0.3274225	31.573796	31.3984732	-30.561505	-30.3774556	
0.3387304	31.5949096	31.4159265	-30.5826186	-30.4036356	
0.3498272	31.6163688	31.4508331	-30.6040778	-30.4298155	
0.3616061	31.639995	31.4857397	-30.627704	-30.4647221	
0.372783	31.6631426	31.5119196	-30.6508517	-30.490902	
0.3843949	31.688031	31.5468262	-30.67574	-30.5258086	
0.3951997	31.7118492	31.5817328	-30.6995582	-30.5607152	
0.4066116	31.7378148	31.625366	-30.7255238	-30.5956218	
0.4176555	31.7636556	31.6602726	-30.7513646	-30.639255	
0.4288404	31.790589	31.6951792	-30.778298	-30.6741616	
0.4402143	31.8187576	31.7388124	-30.8064667	-30.7177948	
0.4513401	31.8470439	31.7824457	-30.834753	-30.7527014	
0.462573	31.8763628	31.8260789	-30.8640719	-30.7963347	
0.4737659	31.9063275	31.8697121	-30.8940366	-30.8399679	
0.4849538	31.9370381	31.9046187	-30.9247471	-30.8836011	
0.4962137	31.9687039	31.9395253	-30.9564129	-30.9272343	
0.5077655	32.0020046	31.9831585	-30.9897137	-30.9621409	
0.5185504	32.0337556	32.0267918	-31.0214646	-31.0057742	
0.5297423	32.0674886	32.0616984	-31.0551976	-31.0406807	
0.5410302	32.1022568	32.1053316	-31.0899658	-31.0755873	
0.552202	32.1374315	32.1489648	-31.1251405	-31.1192206	
0.5633919	32.1734017	32.1838714	-31.1611108	-31.1541271	
0.5748838	32.2111557	32.218778	-31.1988647	-31.1890337	
0.5860787	32.2488383	32.2536846	-31.2365474	-31.2152137	
0.5972826	32.2869768	32.2885912	-31.2746858	-31.2501203	
0.6083834	32.3256649	32.3147711	-31.3133739	-31.2850268	
0.6195773	32.3654176	32.340951	-31.3531266	-31.3199334	
0.6310742	32.4070646	32.3758576	-31.3947736	-31.35484	
0.6423271	32.4485681	32.4107642	-31.4362771	-31.3897466	
0.653469	32.4904108	32.4369441	-31.4781198	-31.4246532	
0.6647048	32.533375	32.4718507	-31.521084	-31.4595598	
0.6759057	32.5769372	32.5067573	-31.5646463	-31.4944664	
0.6870696	32.6211261	32.5503905	-31.6088351	-31.5380996	
0.6983315	32.666451	32.5852971	-31.65416	-31.5730062	
0.7095924	32.7125451	32.6289304	-31.7002541	-31.6166394	
0.7207822	32.7590765	32.6725636	-31.7467855	-31.6602726	
0.7320201	32.8066012	32.7074702	-31.7943102	-31.7039059	
0.743762	32.8570843	32.7598301	-31.8447934	-31.7475391	
0.7544329	32.9035723	32.8034633	-31.8912813	-31.799899	
0.7656717	32.9533668	32.8558232	-31.9410759	-31.8522588	
0.7768596	33.003667	32.9169097	-31.991376	-31.9046187	
0.7880585	33.0547834	32.9692696	-32.0424925	-31.9569786	
0.7991954	33.1063264	33.0216294	-32.0940355	-32.0093385	
0.8109303	33.1614991	33.0914426	-32.1492082	-32.070425	
0.8224221	33.2163229	33.1438025	-32.204032	-32.1315115	
0.833593	33.2703585	33.204889	-32.2580676	-32.1925981	
0.8445669	33.3241628	33.2659755	-32.3118718	-32.2624112	
0.8556968	33.3794298	33.3357887	-32.3671388	-32.3234977	
0.8669837	33.4362971	33.3968752	-32.4240061	-32.3845843	
0.8780825	33.4929246	33.4666884	-32.4806336	-32.4456708	
0.8892754	33.5508128	33.5277749	-32.5385218	-32.515484	
0.9005253	33.6097307	33.5975881	-32.5974397	-32.5765705	
0.9120652	33.6709818	33.6674013	-32.6586909	-32.6463837	
0.923137	33.7304796	33.7372144	-32.7181886	-32.7074702	
0.9344309	33.7919431	33.798301	-32.7796522	-32.7772834	
0.9456128	33.8535382	33.8681141	-32.8412472	-32.8470965	
0.9566977	33.915333	33.9292007	-32.903042	-32.9169097	
0.9679676	33.9789102	33.9990138	-32.9666193	-32.9779962	
0.9793584	34.043999	34.068827	-33.031708	-33.0478094	
0.9906453	34.1092082	34.1386402	-33.0969173	-33.1176226	
1.001797	34.1743845	34.2084533	-33.1620936	-33.1874357	
1.013313	34.2425267	34.2695399	-33.2302357	-33.2572489	
1.024493	34.3093716	34.3306264	-33.2970807	-33.3183354	
1.035674	34.3769966	34.4004396	-33.3647056	-33.3881486	
1.046881	34.4455393	34.4615261	-33.4332484	-33.4579618	
1.058112	34.5127513	34.5226126	-33.5004603	-33.5277749	
1.071478	34.5915681	34.6098791	-33.5792771	-33.6063147	
1.082709	34.6571313	34.6709656	-33.6448403	-33.6674013	
1.093884	34.7216382	34.7320521	-33.7093472	-33.7372144	
1.10509	34.7855819	34.8018653	-33.7732909	-33.798301	
1.116568	34.8502967	34.8716785	-33.8380057	-33.8593875	
1.127653	34.9120622	34.9240383	-33.8997713	-33.9292007	
1.138762	34.9732443	34.9851249	-33.9609533	-33.9902872	
1.149901	35.0338433	35.0462114	-34.0215523	-34.0513737	
1.161645	35.0969278	35.1160246	-34.0846369	-34.1124602	
1.17278	35.1560154	35.1771111	-34.1437244	-34.1735468	
1.184284	35.2162748	35.2381976	-34.2039838	-34.2346333	
1.195426	35.2739344	35.2905575	-34.2616434	-34.2957198	
1.20665	35.3312539	35.3603706	-34.3189629	-34.3480797	
1.218182	35.3893587	35.4127305	-34.3770678	-34.4178928	
1.229374	35.4450105	35.4650904	-34.4327196	-34.4702527	
1.241176	35.5028953	35.5349036	-34.4906043	-34.5226126	
1.251888	35.5547482	35.5872634	-34.5424573	-34.5749725	
1.263098	35.6082919	35.6396233	-34.5960009	-34.636059	
1.274342	35.6612404	35.7007098	-34.6489494	-34.6884189	
1.285551	35.7134606	35.7530697	-34.7011696	-34.7495054	
1.297021	35.7658029	35.8054296	-34.7535119	-34.8018653	
1.308108	35.8158075	35.8490628	-34.8035165	-34.8454985	
1.319257	35.8653617	35.9014227	-34.8530707	-34.8978584	
1.330659	35.9153011	35.9537826	-34.9030102	-34.9414916	
1.341824	35.9634717	35.9974158	-34.9511807	-34.9938515	
1.352995	36.0109331	36.0410491	-34.9986422	-35.0374847	
1.364156	36.0576154	36.0846823	-35.0453245	-35.081118	
1.375346	36.1036981	36.1283155	-35.0914072	-35.1160246	
1.386652	36.1495034	36.1632221	-35.1372124	-35.1596578	
1.397791	36.1939243	36.2068553	-35.1816334	-35.203291	
1.409263	36.238889	36.2504886	-35.2265981	-35.2381976	
1.420202	36.2810572	36.2853951	-35.2687662	-35.2818308	
1.431342	36.3232893	36.337755	-35.3109983	-35.3167374	
1.443105	36.3670697	36.3726616	-35.3547787	-35.351644	
1.454075	36.4072094	36.4075682	-35.3949184	-35.3952772	
1.475215	36.48135	36.4773814	-35.4690591	-35.4650904	
1.479811	36.4975534	36.486108	-35.4852624	-35.473817	
1.489888	36.5323329	36.512288	-35.520042	-35.5087236	
1.499959	36.5665535	36.5471945	-35.5542626	-35.5436302	
1.51136	36.6044418	36.5821011	-35.5921508	-35.5785368	
1.522461	36.6406383	36.6170077	-35.6283474	-35.6134434	
1.533691	36.6765338	36.6519143	-35.6642429	-35.64835	
1.544864	36.7115266	36.6868209	-35.6992356	-35.6832566	
1.55602	36.7457321	36.7217275	-35.7334412	-35.7094365	
1.567317	36.7796493	36.756634	-35.7673583	-35.7443431	
1.578867	36.8135414	36.8002673	-35.8012505	-35.7792497	
1.589717	36.8447284	36.8351739	-35.8324375	-35.8141563	
1.600933	36.8762033	36.8700804	-35.8639124	-35.8490628	
1.612148	36.9069686	36.8962604	-35.8946776	-35.8839694	
1.62361	36.9376717	36.931167	-35.9253807	-35.918876	
1.634578	36.9663387	36.9660736	-35.9540478	-35.9537826	
1.645761	36.9948622	37.0009801	-35.9825713	-35.9886892	
1.656951	37.0227007	37.0358867	-36.0104097	-36.0148691	
1.67215	37.0589949	37.0707933	-36.046704	-36.0585023	
1.681841	37.081744	37.0969733	-36.069453	-36.0846823	
1.69201	37.1050241	37.1144265	-36.0927332	-36.1108622	
1.717497	37.1586473	37.1755131	-36.1463564	-36.1632221	
1.721956	37.1680842	37.1842397	-36.1557932	-36.1806754	
1.732129	37.1890578	37.2104197	-36.1767669	-36.1981287	
1.742305	37.2094529	37.2278729	-36.1971619	-36.215582	
1.752952	37.2301522	37.2453262	-36.2178612	-36.2330353	
1.762618	37.2484363	37.2627795	-36.2361453	-36.2592152	
1.773417	37.268175	37.2802328	-36.255884	-36.2766685	
1.784606	37.2879237	37.2802328	-36.2756328	-36.2941218	
1.795799	37.3069745	37.2976861	-36.2946835	-36.3115751	
1.807731	37.3264813	37.3151394	-36.3141904	-36.3290284	
1.818207	37.3430251	37.3238661	-36.3307342	-36.337755	
1.829587	37.3602693	37.3413193	-36.3479783	-36.3464817	
1.840627	37.376322	37.350046	-36.3640311	-36.363935	
1.851787	37.3918667	37.3587726	-36.3795758	-36.3726616	
1.86338	37.4072776	37.3762259	-36.3949866	-36.3813883	
1.874872	37.4218263	37.3849526	-36.4095353	-36.3901149	
1.885851	37.4350884	37.4024059	-36.4227974	-36.3988416	
1.905752	37.4565241	37.4198592	-36.4442332	-36.4075682	
1.91956	37.4706131	37.4460391	-36.4583222	-36.4250215	
1.923913	37.4750581	37.4547657	-36.4627672	-36.4250215	
1.934351	37.4850061	37.4547657	-36.4727152	-36.4424748	
1.944325	37.4939936	37.472219	-36.4817027	-36.4424748	
1.954401	37.50255	37.4896723	-36.490259	-36.4599281	
1.964612	37.5106811	37.4896723	-36.4983901	-36.4686547	
1.975695	37.5188592	37.5071256	-36.5065683	-36.4773814	
1.986925	37.5265073	37.5245789	-36.5142163	-36.486108	
1.998095	37.5334984	37.5245789	-36.5212074	-36.4948347	
2.009439	37.5399647	37.5333056	-36.5276737	-36.5035613	
2.020553	37.5457132	37.5420322	-36.5334222	-36.512288	
2.031762	37.5509204	37.5507589	-36.5386294	-36.5210146	
2.042985	37.555556	37.5594855	-36.543265	-36.5297412	
2.054139	37.5596132	37.5594855	-36.5473223	-36.5384679	
2.065375	37.5631572	37.5594855	-36.5508662	-36.5471945	
2.076538	37.5661687	37.5682121	-36.5538777	-36.5559212	
2.087724	37.5686997	37.5682121	-36.5564088	-36.5646478	
2.098983	37.5707865	37.5682121	-36.5584956	-36.5646478	
2.119846	37.5769535	37.5682121	-36.5646625	-36.5646478	
2.124209	37.5769535	37.5682121	-36.5646625	-36.5646478	
