0.03284647	197.065126	197.065126	-215.914682	-215.914682	
0.0375344	197.065323	197.065126	-215.914879	-215.914682	
0.04769623	197.066538	197.065126	-215.916094	-215.914682	
0.05801407	197.068416	197.065126	-215.917971	-215.914682	
0.06804891	197.070835	197.065126	-215.920391	-215.914682	
0.07821574	197.073913	197.065126	-215.923469	-215.923408	
0.08917957	197.077979	197.073852	-215.927535	-215.923408	
0.1003024	197.08285	197.073852	-215.932406	-215.923408	
0.1114992	197.088511	197.065126	-215.938067	-215.923408	
0.122713	197.094935	197.065126	-215.944491	-215.923408	
0.1338729	197.10207	197.065126	-215.951626	-215.923408	
0.1449867	197.109921	197.065126	-215.959477	-215.923408	
0.1563385	197.118722	197.065126	-215.968278	-215.923408	
0.1674043	197.128016	197.065126	-215.977572	-215.923408	
0.1786041	197.13819	197.065126	-215.987746	-215.923408	
0.189751	197.149052	197.073852	-215.998608	-215.923408	
0.2009488	197.160723	197.073852	-216.010279	-215.923408	
0.2121176	197.17311	197.073852	-216.022665	-215.923408	
0.2232834	197.186242	197.082579	-216.035797	-215.932135	
0.2361622	197.202675	197.082579	-216.052231	-215.932135	
0.246289	197.215734	197.082579	-216.06529	-215.940862	
0.2573529	197.231003	197.091306	-216.080559	-215.949588	
0.2692937	197.248376	197.091306	-216.097932	-215.958315	
0.2796865	197.264084	197.100032	-216.11364	-215.967042	
0.2909033	197.281827	197.100032	-216.131383	-215.984495	
0.3020261	197.300164	197.108759	-216.14972	-216.001948	
0.313289	197.319497	197.134939	-216.169053	-216.019402	
0.3244058	197.339311	197.143666	-216.188867	-216.036855	
0.3356196	197.360066	197.169846	-216.209622	-216.063035	
0.3558373	197.400475	197.222205	-216.250031	-216.097941	
0.3602742	197.409252	197.239659	-216.258808	-216.106668	
0.370947	197.431237	197.274565	-216.280793	-216.141575	
0.3820849	197.454945	197.309472	-216.304501	-216.167755	
0.3934757	197.479993	197.353105	-216.329549	-216.193934	
0.4044375	197.504786	197.396738	-216.354342	-216.228841	
0.4156273	197.530866	197.440372	-216.380422	-216.263748	
0.43538	197.579752	197.510185	-216.429308	-216.333561	
0.4397219	197.590383	197.518911	-216.439939	-216.351014	
0.4499448	197.616288	197.562545	-216.465844	-216.385921	
0.4604086	197.64346	197.606178	-216.493016	-216.429554	
0.4716084	197.673321	197.649811	-216.522877	-216.473187	
0.4828572	197.704073	197.693444	-216.553629	-216.525547	
0.4939531	197.735155	197.728351	-216.584711	-216.560454	
0.5051509	197.767247	197.780711	-216.616803	-216.604087	
0.5163037	197.799971	197.824344	-216.649527	-216.64772	
0.5276785	197.834131	197.867977	-216.683687	-216.70008	
0.5389243	197.868655	197.902884	-216.718211	-216.734987	
0.5500712	197.903624	197.93779	-216.75318	-216.77862	
0.561304	197.939619	197.972697	-216.789175	-216.822253	
0.5724948	197.976223	198.01633	-216.825778	-216.865886	
0.5837616	198.013873	198.051237	-216.863429	-216.900793	
0.5948964	198.051785	198.077417	-216.901341	-216.935699	
0.6061203	198.09077	198.112323	-216.940326	-216.970606	
0.6172731	198.130244	198.14723	-216.9798	-217.005513	
0.6284319	198.170479	198.182137	-217.020035	-217.031692	
0.6396077	198.211544	198.208317	-217.0611	-217.066599	
0.6592684	198.286623	198.25195	-217.136179	-217.118959	
0.6636113	198.30309	198.269403	-217.152646	-217.118959	
0.6738422	198.342751	198.295583	-217.192307	-217.153866	
0.684325	198.384061	198.321763	-217.233617	-217.171319	
0.7041237	198.465002	198.356669	-217.314557	-217.223679	
0.7084826	198.482688	198.391576	-217.332244	-217.241132	
0.7186815	198.524981	198.426483	-217.374537	-217.276039	
0.7291393	198.569017	198.470116	-217.418573	-217.310945	
0.7402681	198.616604	198.513749	-217.46616	-217.345852	
0.7514589	198.665235	198.566109	-217.514791	-217.389485	
0.7626618	198.714682	198.609742	-217.564238	-217.433118	
0.7738496	198.764781	198.670829	-217.614337	-217.485478	
0.7850154	198.815551	198.714462	-217.665107	-217.537838	
0.7963382	198.867815	198.775549	-217.717371	-217.598924	
0.807461	198.919872	198.827908	-217.769428	-217.660011	
0.8186329	198.972909	198.880268	-217.822465	-217.721098	
0.8297897	199.026641	198.950081	-217.876197	-217.782184	
0.8409205	199.08098	199.019895	-217.930536	-217.851997	
0.8521403	199.136508	199.080981	-217.986063	-217.92181	
0.8632991	199.192498	199.142068	-218.042054	-217.991624	
0.874442	199.249117	199.211881	-218.098673	-218.061437	
0.8859068	199.308188	199.281694	-218.157744	-218.139977	
0.8975896	199.369219	199.360234	-218.218775	-218.218516	
0.9082744	199.425701	199.430047	-218.275256	-218.28833	
0.9194402	199.485462	199.508587	-218.335018	-218.366869	
0.9306041	199.54596	199.5784	-218.395515	-218.436683	
0.9417549	199.607144	199.648213	-218.456699	-218.515222	
0.9530157	199.669701	199.718026	-218.519257	-218.585036	
0.9641825	199.732476	199.787839	-218.582032	-218.654849	
0.9753403	199.795971	199.857653	-218.645527	-218.724662	
0.9864782	199.860037	199.927466	-218.709593	-218.785748	
0.998101	199.927757	199.988552	-218.777313	-218.855562	
1.009339	199.993972	200.049639	-218.843528	-218.916648	
1.02046	200.060236	200.119452	-218.909792	-218.986461	
1.031652	200.127695	200.180539	-218.977251	-219.047548	
1.051342	200.242473	200.293985	-219.092029	-219.152268	
1.055713	200.267993	200.320165	-219.117549	-219.178447	
1.065891	200.326757	200.381251	-219.176313	-219.239534	
1.076394	200.386801	200.433611	-219.236357	-219.300621	
1.087603	200.450119	200.494698	-219.299675	-219.35298	
1.099159	200.514648	200.555784	-219.364203	-219.422794	
1.110332	200.576366	200.625598	-219.425922	-219.475153	
1.121593	200.637856	200.677957	-219.487412	-219.527513	
1.132707	200.697856	200.730317	-219.547412	-219.579873	
1.146097	200.769083	200.80013	-219.618639	-219.649686	
1.157028	200.826632	200.85249	-219.676188	-219.69332	
1.168156	200.884499	200.90485	-219.734055	-219.754406	
1.179562	200.94309	200.95721	-219.792646	-219.806766	
1.19069	200.999585	201.00957	-219.849141	-219.850399	
1.201888	201.055741	201.070656	-219.905297	-219.902759	
1.213076	201.111147	201.11429	-219.960703	-219.955119	
1.224278	201.165931	201.175376	-220.015487	-220.007479	
1.235519	201.220193	201.219009	-220.069749	-220.059839	
1.246646	201.273232	201.280096	-220.122788	-220.120925	
1.257905	201.326179	201.332456	-220.175735	-220.173285	
1.269056	201.377937	201.393542	-220.227493	-220.225645	
1.280278	201.429343	201.437176	-220.278899	-220.278005	
1.291465	201.479878	201.498262	-220.329434	-220.330365	
1.30267	201.529804	201.541895	-220.37936	-220.373998	
1.313878	201.579048	201.602982	-220.428604	-220.426358	
1.325616	201.629866	201.637888	-220.479422	-220.478718	
1.336438	201.676046	201.690248	-220.525602	-220.522351	
1.348159	201.725313	201.742608	-220.574869	-220.574711	
1.359336	201.771613	201.786241	-220.621169	-220.627071	
1.372719	201.825984	201.847328	-220.67554	-220.688157	
1.38439	201.872716	201.890961	-220.722272	-220.740517	
1.395273	201.915637	201.934594	-220.765193	-220.78415	
1.406447	201.959031	201.986954	-220.808587	-220.83651	
1.417752	202.002203	202.021861	-220.851759	-220.88887	
1.42884	202.043883	202.065494	-220.893439	-220.923777	
1.440049	202.085327	202.109127	-220.934883	-220.976137	
1.451307	202.126264	202.152761	-220.97582	-221.01977	
1.462416	202.165957	202.187667	-221.015513	-221.054676	
1.47367	202.205492	202.2313	-221.055048	-221.09831	
1.484773	202.243814	202.266207	-221.09337	-221.133216	
1.496281	202.282802	202.301114	-221.132358	-221.168123	
1.507506	202.320168	202.33602	-221.169723	-221.203029	
1.518636	202.356493	202.370927	-221.206049	-221.237936	
1.529853	202.392436	202.405833	-221.241992	-221.264116	
1.540959	202.427356	202.432013	-221.276912	-221.299023	
1.552208	202.462025	202.458193	-221.311581	-221.325202	
1.563551	202.496287	202.4931	-221.345843	-221.351382	
1.574551	202.528846	202.51928	-221.378401	-221.377562	
1.585779	202.561387	202.54546	-221.410943	-221.412469	
1.605566	202.616165	202.59782	-221.465721	-221.456102	
1.609959	202.628386	202.615273	-221.477942	-221.464829	
1.620115	202.655956	202.641453	-221.505512	-221.491009	
1.630698	202.684069	202.658906	-221.533625	-221.517189	
1.641868	202.713045	202.685086	-221.562601	-221.534642	
1.653063	202.741408	202.719993	-221.590964	-221.552095	
1.664258	202.769095	202.737446	-221.618651	-221.578275	
1.675534	202.79629	202.763626	-221.645846	-221.595728	
1.686601	202.822315	202.789806	-221.671871	-221.621908	
1.69876	202.850085	202.815986	-221.699641	-221.648088	
1.709917	202.874927	202.833439	-221.724482	-221.674268	
1.721111	202.89918	202.859619	-221.748736	-221.691722	
1.732312	202.922767	202.885799	-221.772323	-221.717902	
1.74374	202.946144	202.911979	-221.7957	-221.744081	
1.754668	202.96785	202.929432	-221.817406	-221.770261	
1.765868	202.989427	202.964339	-221.838983	-221.796441	
1.77707	203.010347	202.981792	-221.859903	-221.822621	
1.788199	203.030463	202.999245	-221.880019	-221.840075	
1.799388	203.050035	203.034152	-221.899591	-221.866255	
1.810525	203.068846	203.051605	-221.918402	-221.883708	
1.821673	203.087028	203.069058	-221.936584	-221.901161	
1.83285	203.104593	203.095238	-221.954149	-221.927341	
1.844587	203.122306	203.112692	-221.971862	-221.944794	
1.855313	203.137911	203.138872	-221.987467	-221.970974	
1.866473	203.153488	203.147598	-222.003044	-221.988428	
1.877723	203.168526	203.173778	-222.018082	-222.005881	
1.888886	203.182809	203.182505	-222.032365	-222.023334	
1.900134	203.196544	203.199958	-222.0461	-222.040787	
1.911277	203.209519	203.208685	-222.059075	-222.066967	
1.922483	203.221918	203.226138	-222.071474	-222.075694	
1.933667	203.23366	203.243591	-222.083216	-222.093147	
1.944918	203.244833	203.243591	-222.094389	-222.110601	
1.95604	203.255253	203.261045	-222.104809	-222.119327	
1.96725	203.265131	203.269771	-222.114687	-222.128054	
1.978528	203.274438	203.278498	-222.123994	-222.136781	
1.989638	203.283003	203.278498	-222.132559	-222.136781	
2.000817	203.291014	203.278498	-222.14057	-222.145507	
2.012093	203.29848	203.278498	-222.148036	-222.145507	
2.023283	203.3053	203.278498	-222.154856	-222.145507	
2.034426	203.311513	203.278498	-222.161069	-222.145507	
2.046043	203.317358	203.278498	-222.166914	-222.145507	
2.056792	203.322267	203.278498	-222.171823	-222.145507	
2.068102	203.326857	203.278498	-222.176412	-222.145507	
2.079279	203.330863	203.278498	-222.180419	-222.145507	
2.090626	203.334396	203.278498	-222.183951	-222.145507	
2.101945	203.337415	203.278498	-222.186971	-222.145507	
2.112951	203.339911	203.278498	-222.189466	-222.145507	
2.124204	203.341995	203.278498	-222.19155	-222.145507	
2.135355	203.343668	203.278498	-222.193224	-222.145507	
2.146544	203.348326	203.278498	-222.197882	-222.145507	
2.157739	203.348326	203.278498	-222.197882	-222.145507	
2.168963	203.348326	203.278498	-222.197882	-222.145507	
2.180201	203.348326	203.278498	-222.197882	-222.145507	
2.191333	203.348326	203.278498	-222.197882	-222.145507	
2.20288	203.348326	203.287225	-222.197882	-222.145507	
2.213864	203.348326	203.287225	-222.197882	-222.145507	
2.225022	203.348326	203.287225	-222.197882	-222.145507	
2.24638	203.348326	203.287225	-222.197882	-222.145507	
2.250792	203.348326	203.287225	-222.197882	-222.145507	
2.260934	203.348326	203.287225	-222.197882	-222.145507	
2.271144	203.348326	203.287225	-222.197882	-222.145507	
2.281392	203.348326	203.287225	-222.197882	-222.145507	
2.292548	203.348326	203.295951	-222.197882	-222.145507	
2.303769	203.348326	203.295951	-222.197882	-222.145507	
2.315002	203.348326	203.304678	-222.197882	-222.145507	
2.326124	203.348326	203.313405	-222.197882	-222.145507	
2.337359	203.348326	203.313405	-222.197882	-222.145507	
2.348687	203.348326	203.322131	-222.197882	-222.145507	
2.35989	203.348326	203.330858	-222.197882	-222.145507	
2.37305	203.348326	203.330858	-222.197882	-222.154234	
2.382218	203.348326	203.330858	-222.197882	-222.154234	
2.393502	203.348326	203.322131	-222.197882	-222.154234	
2.404587	203.348326	203.313405	-222.197882	-222.154234	
2.415819	203.348326	203.313405	-222.197882	-222.154234	
2.435505	203.348326	203.304678	-222.197882	-222.154234	
2.439856	203.348326	203.295951	-222.197882	-222.154234	
2.450084	203.348326	203.295951	-222.197882	-222.154234	
2.460651	203.348326	203.304678	-222.197882	-222.154234	
2.47183	203.348326	203.304678	-222.197882	-222.16296	
2.483106	203.348326	203.313405	-222.197882	-222.16296	
2.494589	203.348326	203.313405	-222.197882	-222.171687	
2.505333	203.348326	203.313405	-222.197882	-222.180414	
