0.0331534	147.157436	147.157436	-165.841186	-165.841186	
0.03771031	147.157622	147.157436	-165.841372	-165.841186	
0.04802013	147.15886	147.157436	-165.84261	-165.841186	
0.05812694	147.16068	147.157436	-165.84443	-165.841186	
0.06822176	147.163109	147.166163	-165.846859	-165.841186	
0.07845357	147.166204	147.166163	-165.849954	-165.841186	
0.08969137	147.170395	147.166163	-165.854144	-165.841186	
0.1008532	147.175302	147.174889	-165.859052	-165.849912	
0.112109	147.181015	147.183616	-165.864764	-165.849912	
0.1232028	147.187377	147.183616	-165.871127	-165.858639	
0.1346705	147.194758	147.183616	-165.878507	-165.858639	
0.1458203	147.202664	147.183616	-165.886413	-165.858639	
0.1569871	147.211337	147.183616	-165.895087	-165.858639	
0.1681979	147.220794	147.183616	-165.904543	-165.858639	
0.1793407	147.230938	147.183616	-165.914688	-165.858639	
0.1906685	147.242031	147.183616	-165.92578	-165.858639	
0.2017473	147.253607	147.183616	-165.937356	-165.858639	
0.2129171	147.266026	147.183616	-165.949775	-165.858639	
0.2245459	147.279786	147.183616	-165.963536	-165.858639	
0.2358827	147.29396	147.183616	-165.97771	-165.858639	
0.2470465	147.308661	147.183616	-165.99241	-165.867365	
0.2587873	147.324967	147.192342	-166.008717	-165.867365	
0.2699591	147.341221	147.192342	-166.02497	-165.867365	
0.2810879	147.358141	147.201069	-166.041891	-165.867365	
0.2924547	147.376221	147.209796	-166.059971	-165.867365	
0.3036745	147.394801	147.218522	-166.078551	-165.867365	
0.3148273	147.414023	147.218522	-166.097773	-165.876092	
0.328181	147.438204	147.235976	-166.121953	-165.884819	
0.3371849	147.454866	147.253429	-166.138616	-165.902272	
0.3483237	147.476294	147.270882	-166.160043	-165.919725	
0.3596964	147.499572	147.288336	-166.183322	-165.945905	
0.3764121	147.534222	147.323242	-166.217972	-165.980812	
0.3871509	147.55737	147.358149	-166.24112	-166.015718	
0.3983357	147.582252	147.375602	-166.266002	-166.050625	
0.4095735	147.608007	147.410509	-166.291757	-166.085532	
0.4210763	147.635187	147.436689	-166.318937	-166.120438	
0.440406	147.683543	147.471595	-166.367293	-166.181525	
0.4447479	147.6943	147.515228	-166.378049	-166.198978	
0.4549497	147.720441	147.550135	-166.40419	-166.242611	
0.4657375	147.748787	147.585042	-166.432537	-166.277518	
0.4769413	147.778996	147.637401	-166.462746	-166.329878	
0.4881501	147.809981	147.672308	-166.493731	-166.373511	
0.4992469	147.841372	147.715941	-166.525122	-166.417144	
0.5105737	147.874212	147.759574	-166.557961	-166.469504	
0.5216265	147.906975	147.811934	-166.590725	-166.513137	
0.5332113	147.942146	147.855568	-166.625896	-166.565497	
0.5443811	147.976763	147.899201	-166.660513	-166.60913	
0.5559809	148.013549	147.951561	-166.697298	-166.66149	
0.5671437	148.049691	147.986467	-166.73344	-166.705124	
0.5789525	148.088791	148.030101	-166.77254	-166.748757	
0.5900863	148.126361	148.073734	-166.81011	-166.783663	
0.60127	148.164862	148.10864	-166.848612	-166.81857	
0.6124138	148.203966	148.152274	-166.887715	-166.853476	
0.6241376	148.245942	148.195907	-166.929692	-166.879656	
0.6352534	148.28647	148.230813	-166.97022	-166.914563	
0.6464072	148.327884	148.26572	-167.011634	-166.940743	
0.657693	148.370557	148.309353	-167.054307	-166.97565	
0.6688158	148.413351	148.352986	-167.0971	-167.010556	
0.6801146	148.457589	148.387893	-167.141339	-167.045463	
0.6912094	148.501761	148.4228	-167.18551	-167.089096	
0.7023672	148.546945	148.466433	-167.230694	-167.124003	
0.713637	148.593327	148.510066	-167.277076	-167.167636	
0.7250578	148.641144	148.544973	-167.324893	-167.202542	
0.7363246	148.68906	148.579879	-167.37281	-167.246176	
0.7479744	148.739446	148.623512	-167.423196	-167.289809	
0.7588952	148.787341	148.667146	-167.47109	-167.342169	
0.770094	148.837239	148.719506	-167.520989	-167.385802	
0.7812798	148.887807	148.754412	-167.571556	-167.429435	
0.7924816	148.939223	148.806772	-167.622973	-167.481795	
0.8037314	148.991616	148.859132	-167.675366	-167.534155	
0.8151292	149.045498	148.911492	-167.729248	-167.586515	
0.826136	149.098207	148.963852	-167.781956	-167.638875	
0.8373157	149.152529	149.016212	-167.836279	-167.699961	
0.8486935	149.208602	149.077298	-167.892352	-167.761048	
0.8596953	149.263522	149.138385	-167.947271	-167.830861	
0.8712911	149.322249	149.199471	-168.005999	-167.891947	
0.8821159	149.377715	149.260558	-168.061464	-167.953034	
0.8932837	149.435718	149.321644	-168.119468	-168.022847	
0.9045395	149.494953	149.382731	-168.178703	-168.09266	
0.9156773	149.554302	149.452544	-168.238052	-168.153747	
0.9268901	149.614807	149.522357	-168.298557	-168.22356	
0.9381449	149.676301	149.59217	-168.360051	-168.293373	
0.9497517	149.740572	149.661983	-168.424322	-168.35446	
0.9604675	149.800516	149.72307	-168.484266	-168.415546	
0.9716363	149.863782	149.792883	-168.547531	-168.485359	
0.9828671	149.928145	149.862696	-168.611895	-168.546446	
0.9941099	149.993337	149.923783	-168.677086	-168.616259	
1.005309	150.059029	149.993596	-168.742779	-168.686072	
1.016458	150.125203	150.063409	-168.808952	-168.747159	
1.027673	150.192483	150.133222	-168.876232	-168.816972	
1.038846	150.260288	150.203035	-168.944038	-168.878058	
1.050082	150.329205	150.272849	-169.012955	-168.956598	
1.061236	150.396145	150.342662	-169.079895	-169.026411	
1.072705	150.464213	150.412475	-169.147962	-169.096225	
1.083662	150.528478	150.482288	-169.212228	-169.157311	
1.094903	150.59368	150.552101	-169.27743	-169.227124	
1.106105	150.657896	150.613188	-169.341645	-169.296937	
1.117251	150.721056	150.674274	-169.404806	-169.366751	
1.128677	150.78503	150.744087	-169.46878	-169.427837	
1.139619	150.845574	150.813901	-169.529323	-169.49765	
1.150833	150.906863	150.883714	-169.590612	-169.558737	
1.162064	150.967492	150.9448	-169.651242	-169.62855	
1.173194	151.026851	151.005887	-169.7106	-169.689637	
1.184494	151.086349	151.058247	-169.770098	-169.750723	
1.195616	151.144168	151.12806	-169.827917	-169.81181	
1.206837	151.201758	151.18042	-169.885507	-169.872896	
1.217986	151.258225	151.23278	-169.941975	-169.933983	
1.229473	151.315613	151.302593	-169.999363	-169.995069	
1.240639	151.37068	151.354953	-170.054429	-170.047429	
1.252141	151.426609	151.407313	-170.110358	-170.099789	
1.262937	151.478397	151.459672	-170.162147	-170.152149	
1.274613	151.533601	151.512032	-170.217351	-170.213235	
1.285791	151.58571	151.564392	-170.26946	-170.265595	
1.296994	151.637208	151.616752	-170.320957	-170.317955	
1.308154	151.687742	151.669112	-170.371492	-170.370315	
1.319301	151.737494	151.721472	-170.421244	-170.413948	
1.332688	151.796087	151.773832	-170.479837	-170.475035	
1.344036	151.845061	151.826192	-170.52881	-170.518668	
1.355147	151.892299	151.861098	-170.576049	-170.562301	
1.366334	151.939113	151.904731	-170.622863	-170.605934	
1.377591	151.985459	151.948365	-170.669208	-170.649568	
1.388707	152.030501	151.991998	-170.714251	-170.693201	
1.399898	152.075105	152.035631	-170.758854	-170.728107	
1.411104	152.119029	152.070538	-170.802778	-170.771741	
1.422622	152.163388	152.114171	-170.847138	-170.815374	
1.433591	152.204919	152.157804	-170.888668	-170.85028	
1.444688	152.246207	152.201437	-170.929957	-170.885187	
1.455863	152.287061	152.245071	-170.970811	-170.920094	
1.467203	152.327748	152.279977	-171.011497	-170.963727	
1.478403	152.367201	152.314884	-171.050951	-170.998633	
1.489931	152.407023	152.34979	-171.090773	-171.042267	
1.501061	152.444722	152.384697	-171.128472	-171.077173	
1.512385	152.482371	152.419604	-171.16612	-171.120807	
1.541755	152.573317	152.489417	-171.257066	-171.2168	
1.546168	152.587167	152.524323	-171.270917	-171.234253	
1.556946	152.62018	152.55923	-171.303929	-171.269159	
1.568182	152.653847	152.594137	-171.337596	-171.304066	
1.579317	152.68648	152.629043	-171.37023	-171.330246	
1.590535	152.71865	152.66395	-171.402399	-171.356426	
1.601742	152.750016	152.698856	-171.433766	-171.391333	
1.612846	152.780396	152.733763	-171.464145	-171.426239	
1.624531	152.811569	152.768669	-171.495318	-171.461146	
1.635971	152.841335	152.803576	-171.525085	-171.487326	
1.647072	152.869495	152.829756	-171.553245	-171.513506	
1.658361	152.897402	152.855936	-171.581152	-171.539686	
1.669527	152.924302	152.882116	-171.608051	-171.565865	
1.681077	152.951337	152.908296	-171.635086	-171.592045	
1.692038	152.976325	152.943202	-171.660074	-171.609499	
1.703086	153.00079	152.960656	-171.684539	-171.635679	
1.71436	153.025026	152.986836	-171.708775	-171.653132	
1.725528	153.048328	153.013016	-171.732077	-171.679312	
1.736728	153.070984	153.039195	-171.754734	-171.705492	
1.747911	153.092884	153.056649	-171.776633	-171.722945	
1.759113	153.114108	153.082829	-171.797857	-171.740398	
1.770468	153.13489	153.100282	-171.81864	-171.766578	
1.781643	153.154639	153.117735	-171.838389	-171.784032	
1.792815	153.173678	153.126462	-171.857428	-171.810212	
1.804056	153.192119	153.152642	-171.875868	-171.827665	
1.815269	153.209803	153.161369	-171.893553	-171.845118	
1.826486	153.226793	153.178822	-171.910543	-171.862571	
1.837695	153.243119	153.187548	-171.926868	-171.880025	
1.848878	153.258618	153.205002	-171.942368	-171.897478	
1.860071	153.273487	153.222455	-171.957237	-171.914931	
1.871622	153.288083	153.239908	-171.971833	-171.932385	
1.882823	153.301556	153.257362	-171.985305	-171.941111	
1.893907	153.314216	153.266088	-171.997966	-171.958565	
1.905104	153.32633	153.283542	-172.010079	-171.967291	
1.916286	153.33775	153.292268	-172.0215	-171.984744	
1.927445	153.348483	153.300995	-172.032233	-172.002198	
1.938726	153.358649	153.318448	-172.042399	-172.010924	
1.949882	153.368055	153.327175	-172.051805	-172.019651	
1.961023	153.376798	153.327175	-172.060548	-172.028378	
1.972177	153.384908	153.344628	-172.068658	-172.037104	
1.983701	153.392601	153.344628	-172.076351	-172.045831	
1.995027	153.399686	153.353355	-172.083435	-172.054558	
2.006058	153.405671	153.362081	-172.089421	-172.054558	
2.017223	153.411284	153.362081	-172.095034	-172.063284	
2.028746	153.416442	153.362081	-172.100191	-172.063284	
2.039631	153.420782	153.362081	-172.104532	-172.072011	
2.050896	153.424698	153.370808	-172.108448	-172.072011	
2.062351	153.428115	153.370808	-172.111864	-172.072011	
2.073398	153.430921	153.370808	-172.11467	-172.072011	
2.084992	153.433336	153.370808	-172.117086	-172.072011	
2.096273	153.435246	153.370808	-172.118996	-172.072011	
2.10737	153.440636	153.370808	-172.124386	-172.072011	
2.118555	153.440636	153.370808	-172.124386	-172.072011	
2.130136	153.440636	153.370808	-172.124386	-172.072011	
2.141068	153.440636	153.370808	-172.124386	-172.072011	
2.152119	153.440636	153.370808	-172.124386	-172.072011	
2.16323	153.440636	153.370808	-172.124386	-172.072011	
2.174447	153.440636	153.370808	-172.124386	-172.072011	
2.185714	153.440636	153.370808	-172.124386	-172.072011	
2.196817	153.440636	153.370808	-172.124386	-172.072011	
2.208008	153.440636	153.370808	-172.124386	-172.072011	
2.220531	153.440636	153.370808	-172.124386	-172.072011	
2.231721	153.440636	153.370808	-172.124386	-172.072011	
2.242916	153.440636	153.370808	-172.124386	-172.072011	
2.254181	153.440636	153.370808	-172.124386	-172.072011	
2.26539	153.440636	153.370808	-172.124386	-172.072011	
2.276525	153.440636	153.370808	-172.124386	-172.072011	
2.287691	153.440636	153.370808	-172.124386	-172.072011	
2.298947	153.440636	153.370808	-172.124386	-172.072011	
2.310118	153.440636	153.370808	-172.124386	-172.072011	
2.321303	153.440636	153.370808	-172.124386	-172.072011	
2.33507	153.440636	153.370808	-172.124386	-172.072011	
2.346257	153.440636	153.370808	-172.124386	-172.072011	
2.357428	153.440636	153.370808	-172.124386	-172.072011	
2.371227	153.440636	153.370808	-172.124386	-172.072011	
2.382731	153.440636	153.370808	-172.124386	-172.072011	
2.393719	153.440636	153.370808	-172.124386	-172.072011	
2.404837	153.440636	153.370808	-172.124386	-172.072011	
2.416039	153.440636	153.370808	-172.124386	-172.072011	
2.427169	153.440636	153.370808	-172.124386	-172.072011	
2.438396	153.440636	153.370808	-172.124386	-172.072011	
2.449606	153.440636	153.370808	-172.124386	-172.072011	
2.460742	153.440636	153.370808	-172.124386	-172.072011	
2.471979	153.440636	153.370808	-172.124386	-172.072011	
2.483096	153.440636	153.370808	-172.124386	-172.072011	
2.494882	153.440636	153.370808	-172.124386	-172.072011	
2.506082	153.440636	153.370808	-172.124386	-172.072011	
2.517384	153.440636	153.370808	-172.124386	-172.072011	
2.528424	153.440636	153.370808	-172.124386	-172.072011	
2.539559	153.440636	153.370808	-172.124386	-172.072011	
2.550809	153.440636	153.370808	-172.124386	-172.072011	
2.562075	153.440636	153.370808	-172.124386	-172.072011	
2.57312	153.440636	153.370808	-172.124386	-172.072011	
2.584796	153.440636	153.370808	-172.124386	-172.072011	
2.595983	153.440636	153.370808	-172.124386	-172.072011	
2.607179	153.440636	153.370808	-172.124386	-172.072011	
2.618385	153.440636	153.370808	-172.124386	-172.072011	
2.629787	153.440636	153.370808	-172.124386	-172.072011	
2.640696	153.440636	153.370808	-172.124386	-172.072011	
2.660467	153.440636	153.370808	-172.124386	-172.072011	
2.664877	153.440636	153.370808	-172.124386	-172.072011	
2.674972	153.440636	153.370808	-172.124386	-172.072011	
2.68562	153.440636	153.370808	-172.124386	-172.072011	
2.696821	153.440636	153.370808	-172.124386	-172.072011	
2.708009	153.440636	153.370808	-172.124386	-172.072011	
2.719216	153.440636	153.370808	-172.124386	-172.072011	
2.730419	153.440636	153.370808	-172.124386	-172.072011	
2.741573	153.440636	153.370808	-172.124386	-172.072011	
2.752737	153.440636	153.370808	-172.124386	-172.072011	
2.763979	153.440636	153.370808	-172.124386	-172.072011	
2.775193	153.440636	153.370808	-172.124386	-172.072011	
2.786358	153.440636	153.370808	-172.124386	-172.072011	
2.797602	153.440636	153.370808	-172.124386	-172.072011	
2.808764	153.440636	153.370808	-172.124386	-172.072011	
2.81996	153.440636	153.370808	-172.124386	-172.072011	
2.831311	153.440636	153.370808	-172.124386	-172.072011	
2.842341	153.440636	153.370808	-172.124386	-172.072011	
2.853912	153.440636	153.370808	-172.124386	-172.072011	
2.865061	153.440636	153.370808	-172.124386	-172.072011	
2.876209	153.440636	153.370808	-172.124386	-172.072011	
2.887418	153.440636	153.370808	-172.124386	-172.072011	
2.898884	153.440636	153.370808	-172.124386	-172.072011	
2.910039	153.440636	153.370808	-172.124386	-172.072011	
2.921205	153.440636	153.370808	-172.124386	-172.072011	
2.932663	153.440636	153.370808	-172.124386	-172.072011	
2.943644	153.440636	153.370808	-172.124386	-172.072011	
2.954899	153.440636	153.370808	-172.124386	-172.072011	
2.966082	153.440636	153.370808	-172.124386	-172.072011	
2.977242	153.440636	153.370808	-172.124386	-172.072011	
2.988437	153.440636	153.370808	-172.124386	-172.072011	
2.999926	153.440636	153.370808	-172.124386	-172.072011	
3.011069	153.440636	153.370808	-172.124386	-172.072011	
3.022265	153.440636	153.370808	-172.124386	-172.072011	
3.041977	153.440636	153.370808	-172.124386	-172.072011	
3.04634	153.440636	153.370808	-172.124386	-172.072011	
3.056558	153.440636	153.370808	-172.124386	-172.072011	
3.06708	153.440636	153.379535	-172.124386	-172.072011	
3.078245	153.440636	153.379535	-172.124386	-172.072011	
3.08942	153.440636	153.379535	-172.124386	-172.072011	
3.100636	153.440636	153.379535	-172.124386	-172.072011	
3.111773	153.440636	153.379535	-172.124386	-172.072011	
3.123007	153.440636	153.379535	-172.124386	-172.072011	
3.13464	153.440636	153.379535	-172.124386	-172.072011	
3.145878	153.440636	153.379535	-172.124386	-172.072011	
3.15701	153.440636	153.379535	-172.124386	-172.072011	
3.168241	153.440636	153.379535	-172.124386	-172.072011	
3.179336	153.440636	153.379535	-172.124386	-172.072011	
3.190626	153.440636	153.379535	-172.124386	-172.072011	
3.201821	153.440636	153.379535	-172.124386	-172.072011	
3.21292	153.440636	153.379535	-172.124386	-172.072011	
3.224189	153.440636	153.379535	-172.124386	-172.072011	
3.235352	153.440636	153.379535	-172.124386	-172.072011	
3.246555	153.440636	153.379535	-172.124386	-172.072011	
3.257799	153.440636	153.379535	-172.124386	-172.072011	
3.268931	153.440636	153.379535	-172.124386	-172.072011	
3.280076	153.440636	153.379535	-172.124386	-172.072011	
3.291251	153.440636	153.379535	-172.124386	-172.072011	
3.302423	153.440636	153.379535	-172.124386	-172.072011	
3.313734	153.440636	153.379535	-172.124386	-172.072011	
3.324834	153.440636	153.379535	-172.124386	-172.072011	
3.337147	153.440636	153.379535	-172.124386	-172.072011	
3.348309	153.440636	153.379535	-172.124386	-172.072011	
3.359549	153.440636	153.379535	-172.124386	-172.072011	
3.370747	153.440636	153.379535	-172.124386	-172.072011	
3.391755	153.440636	153.379535	-172.124386	-172.072011	
3.396156	153.440636	153.379535	-172.124386	-172.080738	
3.406313	153.440636	153.379535	-172.124386	-172.080738	
3.416521	153.440636	153.379535	-172.124386	-172.080738	
3.426741	153.440636	153.379535	-172.124386	-172.089464	
3.437952	153.440636	153.379535	-172.124386	-172.089464	
3.449105	153.440636	153.379535	-172.124386	-172.089464	
3.460307	153.440636	153.379535	-172.124386	-172.089464	
3.471454	153.440636	153.379535	-172.124386	-172.089464	
3.482781	153.440636	153.379535	-172.124386	-172.089464	
3.493969	153.440636	153.379535	-172.124386	-172.089464	
3.505154	153.440636	153.379535	-172.124386	-172.089464	
3.516429	153.440636	153.379535	-172.124386	-172.089464	
3.527508	153.440636	153.379535	-172.124386	-172.089464	
3.538746	153.440636	153.379535	-172.124386	-172.089464	
3.549974	153.440636	153.379535	-172.124386	-172.089464	
3.561133	153.440636	153.379535	-172.124386	-172.089464	
3.572295	153.440636	153.379535	-172.124386	-172.089464	
3.592114	153.440636	153.379535	-172.124386	-172.089464	
3.596482	153.440636	153.379535	-172.124386	-172.089464	
3.606834	153.440636	153.379535	-172.124386	-172.089464	
3.617238	153.440636	153.379535	-172.124386	-172.089464	
3.628364	153.440636	153.379535	-172.124386	-172.089464	
3.639608	153.440636	153.379535	-172.124386	-172.089464	
3.650949	153.440636	153.379535	-172.124386	-172.089464	
3.662069	153.440636	153.379535	-172.124386	-172.089464	
3.673153	153.440636	153.379535	-172.124386	-172.089464	
3.684831	153.440636	153.379535	-172.124386	-172.089464	
3.696002	153.440636	153.379535	-172.124386	-172.089464	
3.707195	153.440636	153.379535	-172.124386	-172.089464	
3.718336	153.440636	153.379535	-172.124386	-172.089464	
3.729671	153.440636	153.379535	-172.124386	-172.089464	
3.740685	153.440636	153.379535	-172.124386	-172.089464	
3.751949	153.440636	153.379535	-172.124386	-172.089464	
3.763105	153.440636	153.379535	-172.124386	-172.089464	
3.775102	153.440636	153.379535	-172.124386	-172.089464	
3.786269	153.440636	153.379535	-172.124386	-172.089464	
3.797471	153.440636	153.379535	-172.124386	-172.089464	
3.808859	153.440636	153.379535	-172.124386	-172.089464	
3.820066	153.440636	153.379535	-172.124386	-172.089464	
3.831445	153.440636	153.379535	-172.124386	-172.089464	
3.842669	153.440636	153.379535	-172.124386	-172.089464	
3.853926	153.440636	153.379535	-172.124386	-172.089464	
3.865089	153.440636	153.379535	-172.124386	-172.089464	
3.876209	153.440636	153.379535	-172.124386	-172.089464	
3.887776	153.440636	153.379535	-172.124386	-172.089464	
3.899013	153.440636	153.379535	-172.124386	-172.089464	
3.910198	153.440636	153.379535	-172.124386	-172.089464	
3.921645	153.440636	153.379535	-172.124386	-172.089464	
3.932812	153.440636	153.379535	-172.124386	-172.089464	
3.944078	153.440636	153.379535	-172.124386	-172.089464	
3.955255	153.440636	153.379535	-172.124386	-172.089464	
3.966462	153.440636	153.388261	-172.124386	-172.089464	
3.977616	153.440636	153.396988	-172.124386	-172.089464	
3.98883	153.440636	153.396988	-172.124386	-172.089464	
4.000026	153.440636	153.396988	-172.124386	-172.089464	
4.011221	153.440636	153.396988	-172.124386	-172.089464	
4.022557	153.440636	153.405715	-172.124386	-172.089464	
4.034196	153.440636	153.414441	-172.124386	-172.089464	
4.045415	153.440636	153.414441	-172.124386	-172.089464	
4.056629	153.440636	153.423168	-172.124386	-172.089464	
4.067847	153.440636	153.423168	-172.124386	-172.089464	
4.078937	153.440636	153.423168	-172.124386	-172.089464	
4.090192	153.440636	153.414441	-172.124386	-172.089464	
4.101363	153.440636	153.405715	-172.124386	-172.089464	
4.112578	153.440636	153.396988	-172.124386	-172.089464	
4.123863	153.440636	153.396988	-172.124386	-172.089464	
4.135346	153.440636	153.396988	-172.124386	-172.089464	
4.146479	153.440636	153.405715	-172.124386	-172.089464	
4.157658	153.440636	153.405715	-172.124386	-172.089464	
4.168863	153.440636	153.414441	-172.124386	-172.089464	
4.180001	153.440636	153.414441	-172.124386	-172.089464	
4.191261	153.440636	153.414441	-172.124386	-172.089464	
4.202443	153.440636	153.414441	-172.124386	-172.089464	
4.2137	153.440636	153.414441	-172.124386	-172.089464	
4.224881	153.440636	153.414441	-172.124386	-172.089464	
4.236077	153.440636	153.414441	-172.124386	-172.089464	
4.247292	153.440636	153.414441	-172.124386	-172.089464	
4.258532	153.440636	153.414441	-172.124386	-172.089464	
4.269686	153.440636	153.414441	-172.124386	-172.089464	
4.28116	153.440636	153.414441	-172.124386	-172.089464	
4.292086	153.440636	153.414441	-172.124386	-172.089464	
4.303271	153.440636	153.414441	-172.124386	-172.089464	
4.314526	153.440636	153.414441	-172.124386	-172.089464	
4.325691	153.440636	153.414441	-172.124386	-172.089464	
4.339095	153.440636	153.414441	-172.124386	-172.089464	
4.350261	153.440636	153.414441	-172.124386	-172.089464	
4.362666	153.440636	153.414441	-172.124386	-172.089464	
4.375186	153.440636	153.414441	-172.124386	-172.089464	
4.386391	153.440636	153.414441	-172.124386	-172.089464	
4.397575	153.440636	153.414441	-172.124386	-172.089464	
4.408764	153.440636	153.414441	-172.124386	-172.089464	
4.419935	153.440636	153.414441	-172.124386	-172.089464	
4.431465	153.440636	153.414441	-172.124386	-172.089464	
4.44232	153.440636	153.414441	-172.124386	-172.089464	
4.453538	153.440636	153.414441	-172.124386	-172.089464	
4.464737	153.440636	153.414441	-172.124386	-172.089464	
4.475841	153.440636	153.414441	-172.124386	-172.089464	
4.487108	153.440636	153.414441	-172.124386	-172.089464	
4.498277	153.440636	153.414441	-172.124386	-172.089464	
4.509466	153.440636	153.414441	-172.124386	-172.089464	
4.520683	153.440636	153.414441	-172.124386	-172.089464	
4.531796	153.440636	153.414441	-172.124386	-172.089464	
4.542946	153.440636	153.414441	-172.124386	-172.089464	
4.554326	153.440636	153.414441	-172.124386	-172.089464	
4.565508	153.440636	153.414441	-172.124386	-172.089464	
4.576717	153.440636	153.414441	-172.124386	-172.089464	
4.587861	153.440636	153.414441	-172.124386	-172.089464	
4.599087	153.440636	153.414441	-172.124386	-172.089464	
4.610297	153.440636	153.414441	-172.124386	-172.089464	
4.621463	153.440636	153.414441	-172.124386	-172.089464	
4.632982	153.440636	153.414441	-172.124386	-172.089464	
4.643848	153.440636	153.414441	-172.124386	-172.089464	
4.655078	153.440636	153.414441	-172.124386	-172.089464	
4.666291	153.440636	153.414441	-172.124386	-172.089464	
4.677426	153.440636	153.414441	-172.124386	-172.089464	
4.688679	153.440636	153.414441	-172.124386	-172.089464	
4.69982	153.440636	153.414441	-172.124386	-172.089464	
4.711002	153.440636	153.414441	-172.124386	-172.089464	
4.722269	153.440636	153.414441	-172.124386	-172.089464	
4.734077	153.440636	153.414441	-172.124386	-172.089464	
4.744783	153.440636	153.414441	-172.124386	-172.089464	
4.755963	153.440636	153.414441	-172.124386	-172.089464	
4.76719	153.440636	153.414441	-172.124386	-172.089464	
4.778359	153.440636	153.414441	-172.124386	-172.089464	
4.789524	153.440636	153.414441	-172.124386	-172.089464	
4.800799	153.440636	153.414441	-172.124386	-172.089464	
4.811971	153.440636	153.414441	-172.124386	-172.089464	
4.82312	153.440636	153.414441	-172.124386	-172.089464	
4.83526	153.440636	153.414441	-172.124386	-172.089464	
4.846466	153.440636	153.414441	-172.124386	-172.089464	
4.857639	153.440636	153.414441	-172.124386	-172.089464	
4.868828	153.440636	153.414441	-172.124386	-172.089464	
4.879989	153.440636	153.414441	-172.124386	-172.089464	
4.89124	153.440636	153.414441	-172.124386	-172.089464	
4.902407	153.440636	153.414441	-172.124386	-172.089464	
4.913673	153.440636	153.414441	-172.124386	-172.089464	
4.924815	153.440636	153.414441	-172.124386	-172.089464	
4.936007	153.440636	153.414441	-172.124386	-172.089464	
4.947224	153.440636	153.414441	-172.124386	-172.089464	
4.958372	153.440636	153.414441	-172.124386	-172.089464	
4.969548	153.440636	153.414441	-172.124386	-172.089464	
4.981066	153.440636	153.414441	-172.124386	-172.089464	
4.992593	153.440636	153.414441	-172.124386	-172.089464	
5.003422	153.440636	153.414441	-172.124386	-172.089464	
5.014605	153.440636	153.414441	-172.124386	-172.089464	
5.025761	153.440636	153.414441	-172.124386	-172.089464	
5.03693	153.440636	153.414441	-172.124386	-172.089464	
5.048293	153.440636	153.414441	-172.124386	-172.089464	
5.059322	153.440636	153.414441	-172.124386	-172.089464	
5.070473	153.440636	153.414441	-172.124386	-172.089464	
5.081668	153.440636	153.414441	-172.124386	-172.089464	
5.092795	153.440636	153.414441	-172.124386	-172.089464	
5.10404	153.440636	153.414441	-172.124386	-172.089464	
5.115277	153.440636	153.414441	-172.124386	-172.089464	
5.126444	153.440636	153.414441	-172.124386	-172.089464	
5.137833	153.440636	153.414441	-172.124386	-172.089464	
5.149219	153.440636	153.414441	-172.124386	-172.089464	
5.160381	153.440636	153.414441	-172.124386	-172.089464	
5.171534	153.440636	153.414441	-172.124386	-172.089464	
5.182802	153.440636	153.414441	-172.124386	-172.089464	
5.194045	153.440636	153.414441	-172.124386	-172.089464	
5.205142	153.440636	153.414441	-172.124386	-172.089464	
5.216351	153.440636	153.414441	-172.124386	-172.089464	
5.227452	153.440636	153.414441	-172.124386	-172.089464	
5.239009	153.440636	153.414441	-172.124386	-172.089464	
5.249859	153.440636	153.414441	-172.124386	-172.089464	
5.261015	153.440636	153.414441	-172.124386	-172.089464	
5.272176	153.440636	153.414441	-172.124386	-172.089464	
5.291969	153.440636	153.414441	-172.124386	-172.089464	
5.29635	153.440636	153.414441	-172.124386	-172.089464	
5.306478	153.440636	153.414441	-172.124386	-172.089464	
5.317053	153.440636	153.414441	-172.124386	-172.089464	
5.328203	153.440636	153.414441	-172.124386	-172.089464	
5.341765	153.440636	153.414441	-172.124386	-172.089464	
5.352967	153.440636	153.414441	-172.124386	-172.089464	
5.364215	153.440636	153.414441	-172.124386	-172.089464	
5.375405	153.440636	153.414441	-172.124386	-172.089464	
5.386645	153.440636	153.414441	-172.124386	-172.089464	
5.397818	153.440636	153.414441	-172.124386	-172.089464	
5.409027	153.440636	153.414441	-172.124386	-172.089464	
5.420425	153.440636	153.414441	-172.124386	-172.089464	
5.431384	153.440636	153.414441	-172.124386	-172.089464	
5.442515	153.440636	153.414441	-172.124386	-172.089464	
5.453735	153.440636	153.414441	-172.124386	-172.089464	
5.464982	153.440636	153.414441	-172.124386	-172.089464	
5.476104	153.440636	153.414441	-172.124386	-172.089464	
5.487317	153.440636	153.414441	-172.124386	-172.089464	
5.498589	153.440636	153.414441	-172.124386	-172.089464	
5.509697	153.440636	153.414441	-172.124386	-172.089464	
5.520991	153.440636	153.414441	-172.124386	-172.089464	
5.532526	153.440636	153.414441	-172.124386	-172.089464	
5.543441	153.440636	153.414441	-172.124386	-172.089464	
5.555028	153.440636	153.414441	-172.124386	-172.089464	
5.565855	153.440636	153.414441	-172.124386	-172.089464	
5.577008	153.440636	153.414441	-172.124386	-172.089464	
5.588224	153.440636	153.414441	-172.124386	-172.089464	
5.599425	153.440636	153.414441	-172.124386	-172.089464	
5.619103	153.440636	153.414441	-172.124386	-172.089464	
5.623539	153.440636	153.414441	-172.124386	-172.089464	
5.634223	153.440636	153.414441	-172.124386	-172.089464	
5.644209	153.440636	153.414441	-172.124386	-172.089464	
5.655444	153.440636	153.414441	-172.124386	-172.089464	
5.666701	153.440636	153.414441	-172.124386	-172.089464	
