0.0329034	153.405715	153.405715	-172.063284	-172.063284	
0.03750232	153.405905	153.405715	-172.063475	-172.063284	
0.04766313	153.407113	153.405715	-172.064683	-172.063284	
0.05804594	153.409002	153.405715	-172.066572	-172.072011	
0.06827676	153.411488	153.405715	-172.069058	-172.072011	
0.07859557	153.414636	153.405715	-172.072205	-172.072011	
0.08980837	153.41884	153.405715	-172.07641	-172.072011	
0.1013362	153.423971	153.405715	-172.081541	-172.072011	
0.112624	153.429756	153.405715	-172.087326	-172.072011	
0.1237198	153.436167	153.405715	-172.093736	-172.072011	
0.1348905	153.44338	153.405715	-172.10095	-172.072011	
0.1461043	153.451371	153.405715	-172.10894	-172.080738	
0.1576921	153.460448	153.405715	-172.118018	-172.080738	
0.1689159	153.469987	153.405715	-172.127557	-172.080738	
0.1803927	153.480545	153.405715	-172.138114	-172.080738	
0.1914925	153.491468	153.414441	-172.149037	-172.080738	
0.2029373	153.503745	153.414441	-172.161315	-172.080738	
0.2142521	153.516234	153.414441	-172.173803	-172.080738	
0.2254369	153.529535	153.414441	-172.187104	-172.080738	
0.2365757	153.543511	153.414441	-172.201081	-172.080738	
0.2477915	153.558352	153.423168	-172.215922	-172.089464	
0.2590603	153.574021	153.423168	-172.231591	-172.089464	
0.2701881	153.590237	153.431895	-172.247806	-172.089464	
0.2813829	153.607299	153.431895	-172.264869	-172.089464	
0.2925437	153.625061	153.431895	-172.282631	-172.098191	
0.3036615	153.643499	153.449348	-172.301068	-172.106918	
0.3154293	153.663859	153.466801	-172.321429	-172.124371	
0.3265461	153.683818	153.475528	-172.341387	-172.141824	
0.3382038	153.705572	153.501708	-172.363142	-172.159277	
0.3493146	153.727036	153.519161	-172.384606	-172.185457	
0.3601585	153.748681	153.545341	-172.406251	-172.202911	
0.3710823	153.771202	153.571521	-172.428772	-172.229091	
0.382284	153.795065	153.606427	-172.452635	-172.255271	
0.3934738	153.819647	153.641334	-172.477216	-172.290177	
0.4046416	153.844939	153.676241	-172.502509	-172.316357	
0.4157884	153.870908	153.711147	-172.528478	-172.351264	
0.4273632	153.898717	153.746054	-172.556287	-172.394897	
0.438514	153.926215	153.789687	-172.583785	-172.429803	
0.4496518	153.954437	153.83332	-172.612007	-172.473437	
0.4608576	153.983582	153.876954	-172.641152	-172.51707	
0.4720414	154.01343	153.920587	-172.671	-172.560703	
0.4832722	154.044151	153.955493	-172.701721	-172.604336	
0.494663	154.076105	154.007853	-172.733675	-172.64797	
0.5063418	154.109699	154.051486	-172.767268	-172.700329	
0.5172896	154.141876	154.09512	-172.799446	-172.743963	
0.5286244	154.175973	154.130026	-172.833542	-172.787596	
0.5396302	154.209785	154.173659	-172.867355	-172.839956	
0.550773	154.244778	154.208566	-172.902348	-172.874862	
0.5620318	154.280902	154.252199	-172.938472	-172.918496	
0.5731616	154.317372	154.287106	-172.974942	-172.953402	
0.5842984	154.354572	154.322012	-173.012142	-172.988309	
0.5957862	154.39378	154.356919	-173.05135	-173.023215	
0.606618	154.431408	154.383099	-173.088978	-173.058122	
0.6178458	154.471185	154.409279	-173.128755	-173.093029	
0.6293586	154.512807	154.444186	-173.170377	-173.119209	
0.6405844	154.554097	154.479092	-173.211667	-173.145388	
0.6517001	154.595727	154.513999	-173.253297	-173.180295	
0.6629719	154.639355	154.548905	-173.296925	-173.206475	
0.6741567	154.682134	154.583812	-173.339704	-173.241382	
0.6853335	154.726274	154.618718	-173.383844	-173.276288	
0.6964883	154.771049	154.653625	-173.428618	-173.311195	
0.7076541	154.81662	154.688532	-173.474189	-173.346101	
0.7191549	154.864376	154.732165	-173.521945	-173.381008	
0.7301207	154.910627	154.775798	-173.568197	-173.415914	
0.7412045	154.958074	154.819431	-173.615644	-173.459548	
0.7524013	155.006796	154.863065	-173.664366	-173.503181	
0.7637601	155.057012	154.906698	-173.714581	-173.555541	
0.7746959	155.106021	154.967784	-173.763591	-173.599174	
0.7858577	155.156821	155.011418	-173.814391	-173.651534	
0.7971005	155.208751	155.072504	-173.866321	-173.71262	
0.8082293	155.260899	155.124864	-173.918468	-173.76498	
0.8194101	155.314027	155.177224	-173.971597	-173.826067	
0.8305569	155.367748	155.247037	-174.025318	-173.887153	
0.8417317	155.422354	155.299397	-174.079924	-173.94824	
0.8532885	155.479672	155.360483	-174.137242	-174.018053	
0.8649173	155.538136	155.430297	-174.195706	-174.087866	
0.8754361	155.591602	155.491383	-174.249172	-174.157679	
0.8865659	155.648976	155.561196	-174.306545	-174.218766	
0.9003796	155.721474	155.639736	-174.379044	-174.306032	
0.9115174	155.78053	155.709549	-174.4381	-174.375846	
0.9227312	155.84132	155.770636	-174.49889	-174.445659	
0.934102	155.902684	155.840449	-174.560253	-174.515472	
0.9451048	155.96324	155.910262	-174.62081	-174.585285	
0.9562606	156.025413	155.980075	-174.682983	-174.655098	
0.9678774	156.090999	156.049888	-174.748569	-174.724911	
0.9791592	156.155458	156.119702	-174.813027	-174.785998	
0.990314	156.219869	156.189515	-174.877439	-174.847084	
1.001505	156.285288	156.250601	-174.942858	-174.916898	
1.012617	156.350966	156.311688	-175.008535	-174.986711	
1.023819	156.417949	156.381501	-175.075519	-175.047797	
1.035089	156.486097	156.442588	-175.143667	-175.108884	
1.046274	156.554486	156.503674	-175.212055	-175.16997	
1.058132	156.625382	156.573487	-175.282951	-175.239784	
1.068675	156.687729	156.6433	-175.345299	-175.30087	
1.079812	156.752871	156.713114	-175.410441	-175.370683	
1.09106	156.817918	156.782927	-175.475488	-175.43177	
1.102237	156.881827	156.844013	-175.539397	-175.492856	
1.113368	156.944745	156.9051	-175.602315	-175.562669	
1.124902	157.009155	156.974913	-175.666724	-175.623756	
1.135728	157.068911	157.035999	-175.726481	-175.684843	
1.147346	157.132246	157.097086	-175.789816	-175.754656	
1.158157	157.190653	157.166899	-175.848223	-175.824469	
1.169375	157.250188	157.236712	-175.907758	-175.885555	
1.180497	157.308652	157.289072	-175.966222	-175.946642	
1.191651	157.366583	157.350159	-176.024153	-176.007728	
1.202943	157.424436	157.411245	-176.082006	-176.068815	
1.214378	157.482274	157.472332	-176.139844	-176.129901	
1.234272	157.580081	157.533418	-176.237651	-176.225895	
1.238636	157.601575	157.603231	-176.259145	-176.252075	
1.249537	157.654533	157.655591	-176.312103	-176.304434	
1.259577	157.702637	157.716678	-176.360207	-176.356794	
1.270751	157.755455	157.769038	-176.413025	-176.409154	
1.282296	157.809274	157.830124	-176.466844	-176.461514	
1.293146	157.859119	157.873757	-176.516689	-176.513874	
1.304304	157.909696	157.934844	-176.567266	-176.566234	
1.315834	157.961132	157.978477	-176.618702	-176.618594	
1.326692	158.008902	158.030837	-176.666472	-176.670954	
1.337898	158.057471	158.07447	-176.715041	-176.714587	
1.349691	158.107785	158.118104	-176.765354	-176.766947	
1.360768	158.154289	158.161737	-176.811859	-176.81058	
1.371952	158.200539	158.20537	-176.858109	-176.854213	
1.383152	158.246123	158.249003	-176.903692	-176.897846	
1.394368	158.291037	158.28391	-176.948607	-176.94148	
1.405527	158.334996	158.327543	-176.992566	-176.985113	
1.425615	158.411287	158.38863	-177.068857	-177.054926	
1.430177	158.428802	158.41481	-177.086372	-177.072379	
1.44018	158.4661	158.449716	-177.12367	-177.107286	
1.450419	158.503802	158.484623	-177.161372	-177.142192	
1.46178	158.544836	158.519529	-177.202406	-177.185826	
1.473092	158.585273	158.554436	-177.242843	-177.220732	
1.483982	158.62288	158.589342	-177.28045	-177.264365	
1.495458	158.662088	158.624249	-177.319658	-177.299272	
1.506592	158.699414	158.659156	-177.356984	-177.342905	
1.517818	158.736326	158.694062	-177.393895	-177.377812	
1.529092	158.772665	158.720242	-177.430234	-177.412718	
1.540456	158.808525	158.755149	-177.466095	-177.447625	
1.551412	158.842413	158.790055	-177.499982	-177.482532	
1.562622	158.876362	158.824962	-177.533932	-177.517438	
1.573783	158.909461	158.851142	-177.56703	-177.543618	
1.585023	158.942047	158.886048	-177.599616	-177.569798	
1.596174	158.97367	158.920955	-177.63124	-177.604705	
1.607465	159.004949	158.947135	-177.662518	-177.630885	
1.618643	159.035198	158.982042	-177.692767	-177.657065	
1.629844	159.064797	159.016948	-177.722367	-177.683244	
1.64107	159.093744	159.051855	-177.751314	-177.709424	
1.652209	159.121751	159.078035	-177.77932	-177.735604	
1.663499	159.149406	159.104215	-177.806976	-177.761784	
1.674648	159.176012	159.130395	-177.833581	-177.779238	
1.68599	159.202339	159.156574	-177.859908	-177.805418	
1.697048	159.227318	159.191481	-177.884887	-177.822871	
1.708327	159.252071	159.217661	-177.90964	-177.849051	
1.719497	159.275875	159.235114	-177.933444	-177.866504	
1.730704	159.299055	159.261294	-177.956625	-177.883957	
1.741843	159.321387	159.296201	-177.978957	-177.901411	
1.753319	159.343647	159.313654	-178.001216	-177.918864	
1.767435	159.369806	159.331107	-178.027375	-177.936317	
1.777301	159.387646	159.357287	-178.045216	-177.962497	
1.788222	159.40671	159.366014	-178.06428	-177.97995	
1.799436	159.425571	159.383467	-178.08314	-178.00613	
1.810649	159.443727	159.400921	-178.101296	-178.023584	
1.821774	159.461058	159.418374	-178.118628	-178.049764	
1.832964	159.477799	159.435827	-178.135369	-178.075944	
1.84413	159.493817	159.45328	-178.151387	-178.093397	
1.855437	159.509331	159.470734	-178.166901	-178.119577	
1.866552	159.52391	159.496914	-178.18148	-178.145757	
1.878209	159.538442	159.50564	-178.196011	-178.16321	
1.889425	159.551755	159.53182	-178.209325	-178.180663	
1.90266	159.566451	159.540547	-178.224021	-178.198117	
1.915605	159.579943	159.566727	-178.237513	-178.224297	
1.935347	159.598087	159.592907	-178.255657	-178.250477	
1.939717	159.602178	159.592907	-178.259748	-178.259203	
1.949907	159.611042	159.61036	-178.268611	-178.26793	
1.960396	159.61959	159.61036	-178.27716	-178.285383	
1.971861	159.628239	159.619087	-178.285809	-178.29411	
1.982726	159.635885	159.627813	-178.293455	-178.302836	
1.994119	159.64318	159.627813	-178.300749	-178.32029	
2.005047	159.64963	159.63654	-178.3072	-178.32029	
2.016236	159.655631	159.63654	-178.3132	-178.329016	
2.028171	159.661335	159.63654	-178.318905	-178.329016	
2.047606	159.668543	159.63654	-178.326113	-178.329016	
2.051967	159.670233	159.63654	-178.327803	-178.329016	
2.062193	159.673636	159.63654	-178.331206	-178.329016	
2.072653	159.676668	159.63654	-178.334237	-178.329016	
2.083791	159.679399	159.63654	-178.336968	-178.329016	
2.095005	159.681688	159.63654	-178.339258	-178.329016	
2.106264	159.683556	159.63654	-178.341125	-178.329016	
2.117377	159.688915	159.63654	-178.346484	-178.329016	
2.129004	159.688915	159.63654	-178.346484	-178.329016	
2.139743	159.688915	159.63654	-178.346484	-178.329016	
2.150956	159.688915	159.63654	-178.346484	-178.32029	
2.1622	159.688915	159.63654	-178.346484	-178.32029	
2.17331	159.688915	159.63654	-178.346484	-178.32029	
2.184507	159.688915	159.63654	-178.346484	-178.32029	
2.195833	159.688915	159.63654	-178.346484	-178.32029	
2.207071	159.688915	159.63654	-178.346484	-178.32029	
2.218273	159.688915	159.63654	-178.346484	-178.32029	
2.229565	159.688915	159.63654	-178.346484	-178.32029	
2.240577	159.688915	159.63654	-178.346484	-178.32029	
2.251719	159.688915	159.63654	-178.346484	-178.32029	
2.262884	159.688915	159.63654	-178.346484	-178.32029	
2.274545	159.688915	159.63654	-178.346484	-178.32029	
2.293776	159.688915	159.63654	-178.346484	-178.32029	
2.30653	159.688915	159.63654	-178.346484	-178.32029	
2.310936	159.688915	159.63654	-178.346484	-178.32029	
2.321083	159.688915	159.63654	-178.346484	-178.32029	
2.331471	159.688915	159.63654	-178.346484	-178.32029	
2.34167	159.688915	159.645267	-178.346484	-178.32029	
2.352443	159.688915	159.645267	-178.346484	-178.32029	
2.363638	159.688915	159.645267	-178.346484	-178.32029	
2.374953	159.688915	159.645267	-178.346484	-178.32029	
2.386166	159.688915	159.645267	-178.346484	-178.32029	
2.397383	159.688915	159.63654	-178.346484	-178.32029	
2.408592	159.688915	159.645267	-178.346484	-178.32029	
2.419736	159.688915	159.645267	-178.346484	-178.32029	
2.430937	159.688915	159.645267	-178.346484	-178.32029	
2.442123	159.688915	159.645267	-178.346484	-178.32029	
2.453559	159.688915	159.645267	-178.346484	-178.32029	
2.464396	159.688915	159.645267	-178.346484	-178.32029	
2.476186	159.688915	159.645267	-178.346484	-178.32029	
2.487007	159.688915	159.645267	-178.346484	-178.32029	
2.497993	159.688915	159.645267	-178.346484	-178.32029	
2.509179	159.688915	159.645267	-178.346484	-178.32029	
2.520353	159.688915	159.645267	-178.346484	-178.32029	
2.531569	159.688915	159.645267	-178.346484	-178.32029	
2.542799	159.688915	159.645267	-178.346484	-178.32029	
2.553925	159.688915	159.645267	-178.346484	-178.32029	
2.565085	159.688915	159.645267	-178.346484	-178.32029	
2.576512	159.688915	159.645267	-178.346484	-178.32029	
2.587725	159.688915	159.645267	-178.346484	-178.32029	
2.599195	159.688915	159.645267	-178.346484	-178.32029	
2.610125	159.688915	159.645267	-178.346484	-178.32029	
2.621262	159.688915	159.645267	-178.346484	-178.32029	
2.63246	159.688915	159.645267	-178.346484	-178.32029	
2.643861	159.688915	159.645267	-178.346484	-178.32029	
2.654768	159.688915	159.645267	-178.346484	-178.32029	
2.666424	159.688915	159.645267	-178.346484	-178.32029	
2.677831	159.688915	159.645267	-178.346484	-178.32029	
2.689104	159.688915	159.645267	-178.346484	-178.32029	
2.700574	159.688915	159.645267	-178.346484	-178.32029	
2.711757	159.688915	159.645267	-178.346484	-178.32029	
2.723234	159.688915	159.645267	-178.346484	-178.32029	
2.734193	159.688915	159.645267	-178.346484	-178.32029	
2.74539	159.688915	159.645267	-178.346484	-178.32029	
2.756555	159.688915	159.645267	-178.346484	-178.32029	
2.76776	159.688915	159.645267	-178.346484	-178.32029	
2.779033	159.688915	159.645267	-178.346484	-178.32029	
2.79022	159.688915	159.645267	-178.346484	-178.32029	
2.801415	159.688915	159.645267	-178.346484	-178.32029	
2.812599	159.688915	159.645267	-178.346484	-178.32029	
2.823752	159.688915	159.645267	-178.346484	-178.32029	
2.835012	159.688915	159.645267	-178.346484	-178.32029	
2.846203	159.688915	159.645267	-178.346484	-178.32029	
2.85745	159.688915	159.645267	-178.346484	-178.32029	
2.868617	159.688915	159.645267	-178.346484	-178.32029	
2.879808	159.688915	159.645267	-178.346484	-178.32029	
2.891092	159.688915	159.645267	-178.346484	-178.32029	
2.904341	159.688915	159.645267	-178.346484	-178.32029	
2.915611	159.688915	159.645267	-178.346484	-178.32029	
2.935311	159.688915	159.645267	-178.346484	-178.32029	
2.939671	159.688915	159.645267	-178.346484	-178.32029	
2.94986	159.688915	159.645267	-178.346484	-178.32029	
2.960387	159.688915	159.645267	-178.346484	-178.32029	
2.971566	159.688915	159.645267	-178.346484	-178.32029	
2.982816	159.688915	159.645267	-178.346484	-178.32029	
2.993983	159.688915	159.645267	-178.346484	-178.32029	
3.005114	159.688915	159.645267	-178.346484	-178.32029	
3.016303	159.688915	159.645267	-178.346484	-178.32029	
3.027961	159.688915	159.645267	-178.346484	-178.32029	
3.039173	159.688915	159.645267	-178.346484	-178.32029	
3.050426	159.688915	159.645267	-178.346484	-178.32029	
3.061554	159.688915	159.645267	-178.346484	-178.32029	
3.073124	159.688915	159.645267	-178.346484	-178.32029	
3.08398	159.688915	159.645267	-178.346484	-178.32029	
3.095135	159.688915	159.645267	-178.346484	-178.32029	
3.106393	159.688915	159.645267	-178.346484	-178.32029	
3.117534	159.688915	159.645267	-178.346484	-178.32029	
3.128795	159.688915	159.645267	-178.346484	-178.32029	
3.139926	159.688915	159.645267	-178.346484	-178.32029	
3.151099	159.688915	159.645267	-178.346484	-178.32029	
3.162496	159.688915	159.645267	-178.346484	-178.32029	
3.173613	159.688915	159.645267	-178.346484	-178.32029	
3.184855	159.688915	159.645267	-178.346484	-178.32029	
3.195935	159.688915	159.645267	-178.346484	-178.32029	
3.20766	159.688915	159.645267	-178.346484	-178.32029	
3.218425	159.688915	159.653993	-178.346484	-178.32029	
3.229583	159.688915	159.66272	-178.346484	-178.32029	
3.240874	159.688915	159.671447	-178.346484	-178.32029	
