0.03319239	140.95279	140.95279	-159.61036	-159.61036	
0.03791931	140.952991	140.95279	-159.610561	-159.61036	
0.04799512	140.95419	140.95279	-159.61176	-159.61036	
0.05860993	140.956147	140.95279	-159.613716	-159.61036	
0.06834675	140.958484	140.95279	-159.616054	-159.61036	
0.07848657	140.961547	140.961517	-159.619117	-159.61036	
0.08954737	140.965655	140.961517	-159.623225	-159.619087	
0.1007232	140.970557	140.970244	-159.628126	-159.627813	
0.1123499	140.976483	140.970244	-159.634053	-159.627813	
0.1237997	140.983106	140.970244	-159.640675	-159.627813	
0.1349505	140.990281	140.970244	-159.647851	-159.627813	
0.1461283	140.99823	140.970244	-159.655799	-159.627813	
0.1572841	141.006913	140.970244	-159.664483	-159.627813	
0.1684759	141.016367	140.970244	-159.673936	-159.627813	
0.1796677	141.026583	140.970244	-159.684153	-159.627813	
0.1908865	141.037571	140.970244	-159.695141	-159.627813	
0.2020623	141.04927	140.970244	-159.70684	-159.627813	
0.2132921	141.061783	140.970244	-159.719353	-159.627813	
0.2245049	141.075026	140.970244	-159.732596	-159.627813	
0.2356667	141.088963	140.970244	-159.746533	-159.627813	
0.2468335	141.103651	140.970244	-159.761221	-159.627813	
0.2583413	141.119596	140.97897	-159.777165	-159.627813	
0.2691691	141.135276	140.987697	-159.792846	-159.63654	
0.2803929	141.152298	140.987697	-159.809868	-159.63654	
0.2916487	141.170133	141.00515	-159.827702	-159.645267	
0.3028225	141.188586	141.00515	-159.846155	-159.653993	
0.3140183	141.207826	141.013877	-159.865396	-159.66272	
0.3252191	141.227824	141.040057	-159.885394	-159.680173	
0.3364289	141.248596	141.048783	-159.906166	-159.697627	
0.3476027	141.270054	141.074963	-159.927623	-159.723806	
0.3587835	141.292271	141.092417	-159.94984	-159.74126	
0.3699782	141.315264	141.10987	-159.972834	-159.76744	
0.38123	141.33914	141.144777	-159.99671	-159.79362	
0.3924498	141.363702	141.170957	-160.021272	-159.8198	
0.4036126	141.388883	141.197136	-160.046453	-159.854706	
0.4148464	141.414989	141.232043	-160.072559	-159.880886	
0.4260062	141.44166	141.26695	-160.09923	-159.915793	
0.43722	141.469229	141.301856	-160.126799	-159.950699	
0.4484138	141.497484	141.336763	-160.155054	-159.976879	
0.4599146	141.527335	141.371669	-160.184905	-160.020512	
0.4708734	141.556469	141.415303	-160.214039	-160.055419	
0.4819812	141.586747	141.450209	-160.244316	-160.099052	
0.493198	141.61808	141.493842	-160.27565	-160.142686	
0.5044008	141.650127	141.528749	-160.307696	-160.186319	
0.5156216	141.682987	141.572382	-160.340557	-160.229952	
0.5267724	141.716383	141.616016	-160.373953	-160.273585	
0.5379682	141.75067	141.650922	-160.40824	-160.317218	
0.549197	141.785807	141.694555	-160.443377	-160.352125	
0.5604038	141.821644	141.738189	-160.479214	-160.395758	
0.5716396	141.858309	141.773095	-160.515878	-160.430665	
0.5828584	141.895693	141.808002	-160.553263	-160.465571	
0.5940372	141.933682	141.842908	-160.591252	-160.500478	
0.605218	141.972435	141.877815	-160.630005	-160.535385	
0.6164617	142.012156	141.912721	-160.669726	-160.570291	
0.6276585	142.052477	141.956355	-160.710046	-160.605198	
0.6473292	142.126129	142.017441	-160.783698	-160.675011	
0.6516721	142.142279	142.034895	-160.799849	-160.683738	
0.6619459	142.181362	142.069801	-160.838931	-160.718644	
0.6728677	142.223638	142.104708	-160.881208	-160.762277	
0.6840735	142.267773	142.148341	-160.925343	-160.797184	
0.6952813	142.312674	142.191974	-160.970243	-160.832091	
0.7064281	142.358069	142.226881	-161.015639	-160.875724	
0.7176379	142.404494	142.261787	-161.062064	-160.919357	
0.7287737	142.451333	142.305421	-161.108903	-160.954264	
0.7401985	142.500207	142.349054	-161.157777	-161.006623	
0.7512233	142.548047	142.401414	-161.205617	-161.050257	
0.7624301	142.597459	142.445047	-161.255028	-161.102617	
0.7735969	142.647436	142.506133	-161.305006	-161.14625	
0.7847497	142.698106	142.549767	-161.355676	-161.19861	
0.7959195	142.749598	142.610853	-161.407168	-161.25097	
0.8071983	142.802364	142.654486	-161.459934	-161.303329	
0.8182681	142.854866	142.715573	-161.512436	-161.364416	
0.8294699	142.908762	142.767933	-161.566331	-161.425503	
0.8408807	142.964481	142.829019	-161.622051	-161.486589	
0.8519514	143.0192	142.890106	-161.67677	-161.547676	
0.8716501	143.119485	142.994826	-161.777055	-161.652395	
0.876033	143.141682	143.029732	-161.799252	-161.678575	
0.8862238	143.194153	143.082092	-161.851722	-161.739662	
0.8967316	143.248928	143.134452	-161.906497	-161.800748	
0.9083764	143.310521	143.204265	-161.968091	-161.861835	
0.9192522	143.368691	143.274078	-162.026261	-161.931648	
0.930271	143.428348	143.343891	-162.085918	-161.992735	
0.9415018	143.489922	143.404978	-162.147492	-162.053821	
0.9526656	143.551874	143.466065	-162.209444	-162.114908	
0.9638714	143.614837	143.527151	-162.272407	-162.175994	
0.9750942	143.678635	143.588238	-162.336204	-162.245807	
0.98622	143.74262	143.658051	-162.40019	-162.306894	
0.9974318	143.807869	143.727864	-162.465439	-162.36798	
1.008818	143.87492	143.780224	-162.53249	-162.437793	
1.019936	143.941108	143.850037	-162.598678	-162.49888	
1.031032	144.007909	143.911123	-162.665479	-162.559967	
1.042186	144.075796	143.97221	-162.733366	-162.62978	
1.053349	144.142286	144.042023	-162.799856	-162.699593	
1.064572	144.208402	144.111836	-162.865971	-162.760679	
1.075721	144.273381	144.18165	-162.93095	-162.830493	
1.086912	144.337883	144.251463	-162.995452	-162.891579	
1.098088	144.401536	144.312549	-163.059106	-162.961392	
1.117733	144.510774	144.373636	-163.168344	-163.074839	
1.12209	144.53504	144.460902	-163.19261	-163.101019	
1.132741	144.593653	144.521989	-163.251223	-163.170832	
1.143243	144.650732	144.583075	-163.308302	-163.231918	
1.15432	144.710232	144.652888	-163.367802	-163.301731	
1.165536	144.769774	144.713975	-163.427343	-163.371545	
1.176673	144.828407	144.775061	-163.485977	-163.432631	
1.187908	144.886344	144.844875	-163.543913	-163.502444	
1.199012	144.943125	144.914688	-163.600695	-163.572257	
1.210227	144.99975	144.975774	-163.65732	-163.642071	
1.221474	145.055795	145.036861	-163.713365	-163.703157	
1.232668	145.11086	145.089221	-163.76843	-163.764244	
1.243837	145.165098	145.150307	-163.822667	-163.816604	
1.25499	145.218526	145.202667	-163.876096	-163.868963	
1.266189	145.271465	145.263754	-163.929035	-163.921323	
1.277414	145.323791	145.307387	-163.98136	-163.973683	
1.288582	145.375129	145.359747	-164.032699	-164.026043	
1.299725	145.425648	145.40338	-164.083217	-164.078403	
1.311437	145.477937	145.45574	-164.135506	-164.130763	
1.322615	145.527127	145.5081	-164.184697	-164.174396	
1.333944	145.576265	145.543006	-164.233835	-164.218029	
1.344981	145.623413	145.595366	-164.280982	-164.261663	
1.356487	145.671829	145.638999	-164.329399	-164.305296	
1.367621	145.717936	145.682633	-164.375506	-164.340202	
1.38731	145.796948	145.717539	-164.454518	-164.410016	
1.391747	145.814629	145.761172	-164.472199	-164.427469	
1.40187	145.854621	145.796079	-164.51219	-164.453649	
1.412511	145.895986	145.830986	-164.553556	-164.488555	
1.423702	145.938755	145.874619	-164.596324	-164.532189	
1.434891	145.980784	145.909525	-164.638354	-164.567095	
1.446066	146.02207	145.944432	-164.67964	-164.602002	
1.457511	146.063598	145.979339	-164.721168	-164.636908	
1.468622	146.103186	146.014245	-164.760755	-164.671815	
1.47982	146.142383	146.057878	-164.799952	-164.715448	
1.491061	146.181011	146.092785	-164.838581	-164.750355	
1.502242	146.218723	146.136418	-164.876293	-164.793988	
1.513422	146.255723	146.171325	-164.913293	-164.828895	
1.524888	146.292924	146.206231	-164.950494	-164.872528	
1.536089	146.328532	146.241138	-164.986102	-164.907434	
1.547327	146.363546	146.276045	-165.021115	-164.951068	
1.55901	146.399177	146.310951	-165.056747	-164.985974	
1.568965	146.429021	146.345858	-165.086591	-165.020881	
1.58013	146.461721	146.380764	-165.119291	-165.055787	
1.591425	146.494089	146.415671	-165.151659	-165.090694	
1.602514	146.525176	146.450578	-165.182745	-165.116874	
1.613752	146.555969	146.476757	-165.213539	-165.15178	
1.624842	146.585673	146.511664	-165.243243	-165.186687	
1.636359	146.615765	146.537844	-165.273335	-165.212867	
1.647219	146.64347	146.564024	-165.301039	-165.247774	
1.658574	146.671709	146.598931	-165.329279	-165.273954	
1.669565	146.698368	146.62511	-165.355938	-165.300133	
1.680776	146.724857	146.660017	-165.382426	-165.317587	
1.691908	146.750466	146.686197	-165.408036	-165.343767	
1.704542	146.778594	146.712377	-165.436163	-165.369947	
1.714254	146.799749	146.72983	-165.457319	-165.3874	
1.725416	146.823338	146.764737	-165.480908	-165.404853	
1.736603	146.846301	146.78219	-165.503871	-165.422307	
1.747768	146.868494	146.799643	-165.526064	-165.43976	
1.758978	146.890096	146.825823	-165.547666	-165.46594	
1.781159	146.929437	146.83455	-165.587007	-165.500846	
1.785531	146.937287	146.869457	-165.594857	-165.509573	
1.795721	146.95489	146.878183	-165.61246	-165.527026	
1.805921	146.971934	146.895636	-165.629504	-165.54448	
1.816226	146.988572	146.904363	-165.646142	-165.561933	
1.827425	147.005949	146.921816	-165.663519	-165.579386	
1.838542	147.022518	146.93927	-165.680088	-165.596839	
1.849685	147.038465	146.956723	-165.696035	-165.614293	
1.861305	147.054342	146.974176	-165.711911	-165.623019	
1.872491	147.068968	146.99163	-165.726538	-165.640473	
1.8837	147.082954	147.009083	-165.740524	-165.657926	
1.894868	147.096228	147.01781	-165.753798	-165.666653	
1.906128	147.10894	147.035263	-165.76651	-165.684106	
1.917261	147.120855	147.043989	-165.778424	-165.701559	
1.928466	147.132183	147.052716	-165.789753	-165.710286	
1.939631	147.142831	147.061443	-165.800401	-165.727739	
1.950887	147.152905	147.070169	-165.810475	-165.736466	
1.962399	147.162524	147.078896	-165.820094	-165.745192	
1.973618	147.171265	147.078896	-165.828835	-165.753919	
1.984786	147.179344	147.078896	-165.836913	-165.771372	
1.99599	147.186827	147.087623	-165.844397	-165.771372	
2.007364	147.193786	147.096349	-165.851355	-165.780099	
2.018509	147.200011	147.096349	-165.85758	-165.788826	
2.029636	147.205644	147.105076	-165.863214	-165.788826	
2.040979	147.210784	147.113803	-165.868354	-165.797552	
2.051996	147.215236	147.113803	-165.872806	-165.797552	
2.063257	147.219227	147.113803	-165.876796	-165.797552	
2.074394	147.222653	147.113803	-165.880223	-165.797552	
2.085583	147.225588	147.113803	-165.883158	-165.797552	
2.096757	147.228044	147.122529	-165.885614	-165.797552	
2.108341	147.230105	147.122529	-165.887674	-165.797552	
2.119188	147.23599	147.122529	-165.89356	-165.797552	
2.130267	147.23599	147.122529	-165.89356	-165.797552	
2.14193	147.23599	147.122529	-165.89356	-165.797552	
2.152688	147.23599	147.122529	-165.89356	-165.797552	
2.163897	147.23599	147.122529	-165.89356	-165.797552	
2.175419	147.23599	147.122529	-165.89356	-165.797552	
2.1865	147.23599	147.122529	-165.89356	-165.797552	
2.197636	147.23599	147.122529	-165.89356	-165.797552	
2.208852	147.23599	147.122529	-165.89356	-165.797552	
2.220042	147.23599	147.122529	-165.89356	-165.797552	
2.231377	147.23599	147.122529	-165.89356	-165.797552	
2.242504	147.23599	147.122529	-165.89356	-165.797552	
2.253649	147.23599	147.122529	-165.89356	-165.797552	
2.264858	147.23599	147.122529	-165.89356	-165.797552	
2.2763	147.23599	147.122529	-165.89356	-165.797552	
2.287536	147.23599	147.122529	-165.89356	-165.797552	
2.298646	147.23599	147.122529	-165.89356	-165.797552	
2.310105	147.23599	147.122529	-165.89356	-165.797552	
2.321116	147.23599	147.122529	-165.89356	-165.797552	
2.332325	147.23599	147.122529	-165.89356	-165.797552	
2.343565	147.23599	147.122529	-165.89356	-165.797552	
2.354668	147.23599	147.122529	-165.89356	-165.797552	
2.36599	147.23599	147.122529	-165.89356	-165.797552	
2.3771	147.23599	147.122529	-165.89356	-165.797552	
2.388255	147.23599	147.122529	-165.89356	-165.797552	
2.399522	147.23599	147.122529	-165.89356	-165.797552	
2.41056	147.23599	147.122529	-165.89356	-165.797552	
2.4221	147.23599	147.122529	-165.89356	-165.797552	
2.433224	147.23599	147.122529	-165.89356	-165.797552	
2.444345	147.23599	147.122529	-165.89356	-165.797552	
2.455596	147.23599	147.122529	-165.89356	-165.797552	
2.466685	147.23599	147.122529	-165.89356	-165.797552	
2.478007	147.23599	147.122529	-165.89356	-165.797552	
2.489118	147.23599	147.122529	-165.89356	-165.797552	
2.500269	147.23599	147.122529	-165.89356	-165.797552	
2.511541	147.23599	147.122529	-165.89356	-165.797552	
2.522904	147.23599	147.122529	-165.89356	-165.797552	
2.534047	147.23599	147.122529	-165.89356	-165.797552	
2.545092	147.23599	147.122529	-165.89356	-165.797552	
2.556247	147.23599	147.122529	-165.89356	-165.797552	
2.567481	147.23599	147.122529	-165.89356	-165.797552	
2.578624	147.23599	147.122529	-165.89356	-165.797552	
2.589861	147.23599	147.122529	-165.89356	-165.797552	
2.601057	147.23599	147.122529	-165.89356	-165.797552	
2.612223	147.23599	147.122529	-165.89356	-165.797552	
2.623499	147.23599	147.122529	-165.89356	-165.797552	
2.634618	147.23599	147.122529	-165.89356	-165.797552	
2.645845	147.23599	147.122529	-165.89356	-165.797552	
2.656949	147.23599	147.122529	-165.89356	-165.797552	
2.668634	147.23599	147.122529	-165.89356	-165.797552	
2.679587	147.23599	147.122529	-165.89356	-165.797552	
2.691144	147.23599	147.122529	-165.89356	-165.797552	
2.702751	147.23599	147.122529	-165.89356	-165.797552	
2.713478	147.23599	147.122529	-165.89356	-165.797552	
2.724679	147.23599	147.122529	-165.89356	-165.797552	
2.735825	147.23599	147.122529	-165.89356	-165.797552	
2.747075	147.23599	147.122529	-165.89356	-165.797552	
2.758238	147.23599	147.122529	-165.89356	-165.797552	
2.769799	147.23599	147.122529	-165.89356	-165.797552	
2.780707	147.23599	147.122529	-165.89356	-165.797552	
2.79223	147.23599	147.122529	-165.89356	-165.797552	
2.80307	147.23599	147.122529	-165.89356	-165.797552	
2.814255	147.23599	147.122529	-165.89356	-165.797552	
2.825437	147.23599	147.122529	-165.89356	-165.797552	
2.836663	147.23599	147.122529	-165.89356	-165.797552	
2.847886	147.23599	147.122529	-165.89356	-165.797552	
2.858984	147.23599	147.122529	-165.89356	-165.797552	
2.870218	147.23599	147.122529	-165.89356	-165.797552	
2.881442	147.23599	147.122529	-165.89356	-165.806279	
2.892683	147.23599	147.122529	-165.89356	-165.806279	
2.903884	147.23599	147.122529	-165.89356	-165.797552	
2.915017	147.23599	147.122529	-165.89356	-165.797552	
2.926275	147.23599	147.122529	-165.89356	-165.806279	
2.937431	147.23599	147.122529	-165.89356	-165.806279	
2.948671	147.23599	147.122529	-165.89356	-165.797552	
2.959787	147.23599	147.122529	-165.89356	-165.797552	
2.971482	147.23599	147.122529	-165.89356	-165.806279	
2.982665	147.23599	147.122529	-165.89356	-165.806279	
2.993871	147.23599	147.122529	-165.89356	-165.806279	
3.005012	147.23599	147.122529	-165.89356	-165.806279	
3.016228	147.23599	147.122529	-165.89356	-165.806279	
3.02749	147.23599	147.122529	-165.89356	-165.806279	
3.038637	147.23599	147.122529	-165.89356	-165.806279	
3.049768	147.23599	147.122529	-165.89356	-165.806279	
3.06113	147.23599	147.122529	-165.89356	-165.806279	
3.072499	147.23599	147.122529	-165.89356	-165.806279	
3.08371	147.23599	147.122529	-165.89356	-165.806279	
3.094899	147.23599	147.122529	-165.89356	-165.806279	
3.106035	147.23599	147.122529	-165.89356	-165.806279	
3.11722	147.23599	147.122529	-165.89356	-165.806279	
3.128448	147.23599	147.122529	-165.89356	-165.806279	
3.13963	147.23599	147.122529	-165.89356	-165.806279	
3.150891	147.23599	147.122529	-165.89356	-165.806279	
3.161948	147.23599	147.122529	-165.89356	-165.806279	
3.17317	147.23599	147.122529	-165.89356	-165.806279	
3.184965	147.23599	147.122529	-165.89356	-165.806279	
3.196396	147.23599	147.122529	-165.89356	-165.806279	
3.207311	147.23599	147.122529	-165.89356	-165.806279	
3.218624	147.23599	147.122529	-165.89356	-165.806279	
3.229988	147.23599	147.122529	-165.89356	-165.806279	
3.241164	147.23599	147.122529	-165.89356	-165.806279	
3.252362	147.23599	147.122529	-165.89356	-165.806279	
3.263586	147.23599	147.122529	-165.89356	-165.806279	
3.274711	147.23599	147.122529	-165.89356	-165.806279	
3.285943	147.23599	147.122529	-165.89356	-165.806279	
3.297096	147.23599	147.122529	-165.89356	-165.806279	
3.308229	147.23599	147.122529	-165.89356	-165.806279	
3.319784	147.23599	147.122529	-165.89356	-165.806279	
3.330524	147.23599	147.122529	-165.89356	-165.806279	
3.341833	147.23599	147.122529	-165.89356	-165.806279	
3.353013	147.23599	147.122529	-165.89356	-165.806279	
3.364186	147.23599	147.122529	-165.89356	-165.806279	
3.37543	147.23599	147.122529	-165.89356	-165.806279	
3.386571	147.23599	147.131256	-165.89356	-165.806279	
3.397753	147.23599	147.131256	-165.89356	-165.806279	
3.409268	147.23599	147.131256	-165.89356	-165.806279	
3.420366	147.23599	147.131256	-165.89356	-165.806279	
3.431843	147.23599	147.131256	-165.89356	-165.806279	
3.44296	147.23599	147.131256	-165.89356	-165.806279	
3.454226	147.23599	147.131256	-165.89356	-165.806279	
3.465347	147.23599	147.131256	-165.89356	-165.806279	
3.476556	147.23599	147.131256	-165.89356	-165.806279	
3.487861	147.23599	147.131256	-165.89356	-165.806279	
3.498987	147.23599	147.131256	-165.89356	-165.806279	
3.510182	147.23599	147.131256	-165.89356	-165.806279	
3.521813	147.23599	147.131256	-165.89356	-165.806279	
3.533014	147.23599	147.131256	-165.89356	-165.806279	
3.544281	147.23599	147.131256	-165.89356	-165.806279	
3.555456	147.23599	147.131256	-165.89356	-165.806279	
3.566625	147.23599	147.131256	-165.89356	-165.806279	
3.577868	147.23599	147.131256	-165.89356	-165.806279	
3.588978	147.23599	147.131256	-165.89356	-165.806279	
3.600196	147.23599	147.131256	-165.89356	-165.806279	
3.611449	147.23599	147.131256	-165.89356	-165.806279	
3.622626	147.23599	147.131256	-165.89356	-165.806279	
3.634446	147.23599	147.131256	-165.89356	-165.806279	
3.645334	147.23599	147.131256	-165.89356	-165.806279	
3.65661	147.23599	147.131256	-165.89356	-165.806279	
3.667725	147.23599	147.131256	-165.89356	-165.806279	
3.678946	147.23599	147.131256	-165.89356	-165.806279	
3.690093	147.23599	147.131256	-165.89356	-165.806279	
3.701341	147.23599	147.131256	-165.89356	-165.806279	
3.712891	147.23599	147.131256	-165.89356	-165.806279	
3.724023	147.23599	147.131256	-165.89356	-165.806279	
3.735201	147.23599	147.131256	-165.89356	-165.806279	
3.746408	147.23599	147.131256	-165.89356	-165.806279	
3.757614	147.23599	147.131256	-165.89356	-165.806279	
3.77254	147.23599	147.131256	-165.89356	-165.806279	
3.779994	147.23599	147.131256	-165.89356	-165.806279	
3.791263	147.23599	147.131256	-165.89356	-165.806279	
3.802441	147.23599	147.131256	-165.89356	-165.806279	
3.814107	147.23599	147.131256	-165.89356	-165.806279	
3.824982	147.23599	147.131256	-165.89356	-165.806279	
3.836181	147.23599	147.131256	-165.89356	-165.806279	
3.847382	147.23599	147.131256	-165.89356	-165.806279	
3.858497	147.23599	147.131256	-165.89356	-165.806279	
3.869893	147.23599	147.131256	-165.89356	-165.806279	
3.880873	147.23599	147.131256	-165.89356	-165.806279	
3.892247	147.23599	147.131256	-165.89356	-165.806279	
3.90406	147.23599	147.131256	-165.89356	-165.806279	
3.915182	147.23599	147.131256	-165.89356	-165.806279	
3.926427	147.23599	147.131256	-165.89356	-165.806279	
3.93758	147.23599	147.131256	-165.89356	-165.806279	
3.949192	147.23599	147.131256	-165.89356	-165.806279	
3.959938	147.23599	147.131256	-165.89356	-165.806279	
3.971772	147.23599	147.131256	-165.89356	-165.806279	
3.98277	147.23599	147.131256	-165.89356	-165.806279	
3.993945	147.23599	147.131256	-165.89356	-165.806279	
4.005151	147.23599	147.131256	-165.89356	-165.806279	
4.016636	147.23599	147.131256	-165.89356	-165.806279	
4.027873	147.23599	147.131256	-165.89356	-165.806279	
4.038993	147.23599	147.131256	-165.89356	-165.806279	
4.05014	147.23599	147.131256	-165.89356	-165.806279	
4.061529	147.23599	147.131256	-165.89356	-165.806279	
4.072777	147.23599	147.131256	-165.89356	-165.806279	
4.083947	147.23599	147.131256	-165.89356	-165.806279	
4.095155	147.23599	147.131256	-165.89356	-165.806279	
4.106332	147.23599	147.131256	-165.89356	-165.806279	
4.117776	147.23599	147.131256	-165.89356	-165.806279	
4.128954	147.23599	147.131256	-165.89356	-165.806279	
4.14012	147.23599	147.131256	-165.89356	-165.806279	
4.151375	147.23599	147.131256	-165.89356	-165.806279	
4.162485	147.23599	147.131256	-165.89356	-165.806279	
4.173712	147.23599	147.131256	-165.89356	-165.806279	
4.184907	147.23599	147.131256	-165.89356	-165.806279	
4.196063	147.23599	147.131256	-165.89356	-165.806279	
4.207299	147.23599	147.131256	-165.89356	-165.806279	
4.218582	147.23599	147.131256	-165.89356	-165.806279	
4.229602	147.23599	147.131256	-165.89356	-165.806279	
4.240948	147.23599	147.131256	-165.89356	-165.806279	
4.252451	147.23599	147.131256	-165.89356	-165.806279	
4.263255	147.23599	147.131256	-165.89356	-165.806279	
4.274453	147.23599	147.131256	-165.89356	-165.806279	
4.285671	147.23599	147.131256	-165.89356	-165.806279	
4.296908	147.23599	147.131256	-165.89356	-165.806279	
4.308089	147.23599	147.131256	-165.89356	-165.806279	
4.328829	147.23599	147.131256	-165.89356	-165.806279	
4.333254	147.23599	147.131256	-165.89356	-165.806279	
4.343405	147.23599	147.131256	-165.89356	-165.806279	
4.35358	147.23599	147.131256	-165.89356	-165.806279	
4.364052	147.23599	147.131256	-165.89356	-165.806279	
4.375282	147.23599	147.131256	-165.89356	-165.806279	
4.38645	147.23599	147.131256	-165.89356	-165.806279	
4.397664	147.23599	147.131256	-165.89356	-165.806279	
4.408839	147.23599	147.131256	-165.89356	-165.806279	
4.420103	147.23599	147.131256	-165.89356	-165.806279	
4.431311	147.23599	147.131256	-165.89356	-165.806279	
4.442437	147.23599	147.131256	-165.89356	-165.806279	
4.453704	147.23599	147.131256	-165.89356	-165.806279	
4.464859	147.23599	147.131256	-165.89356	-165.806279	
4.476043	147.23599	147.131256	-165.89356	-165.806279	
4.487209	147.23599	147.131256	-165.89356	-165.806279	
4.498393	147.23599	147.131256	-165.89356	-165.806279	
4.509528	147.23599	147.131256	-165.89356	-165.806279	
4.521266	147.23599	147.131256	-165.89356	-165.806279	
4.532011	147.23599	147.131256	-165.89356	-165.806279	
4.543167	147.23599	147.131256	-165.89356	-165.806279	
4.554356	147.23599	147.131256	-165.89356	-165.806279	
4.565492	147.23599	147.131256	-165.89356	-165.806279	
4.576827	147.23599	147.131256	-165.89356	-165.806279	
4.587957	147.23599	147.139983	-165.89356	-165.806279	
4.59918	147.23599	147.148709	-165.89356	-165.806279	
4.610252	147.23599	147.148709	-165.89356	-165.806279	
4.621878	147.23599	147.157436	-165.89356	-165.806279	
4.633374	147.23599	147.166163	-165.89356	-165.806279	
4.644531	147.23599	147.183616	-165.89356	-165.806279	
4.655761	147.23599	147.183616	-165.89356	-165.806279	
4.666861	147.23599	147.183616	-165.89356	-165.806279	
4.678428	147.23599	147.183616	-165.89356	-165.806279	
4.6977	147.23599	147.183616	-165.89356	-165.806279	
4.702135	147.23599	147.183616	-165.89356	-165.806279	
4.714303	147.23599	147.192342	-165.89356	-165.806279	
4.724552	147.23599	147.192342	-165.89356	-165.806279	
4.735791	147.23599	147.192342	-165.89356	-165.806279	
4.746925	147.23599	147.192342	-165.89356	-165.806279	
4.758157	147.23599	147.192342	-165.89356	-165.806279	
4.769592	147.23599	147.192342	-165.89356	-165.806279	
4.789296	147.23599	147.192342	-165.89356	-165.823732	
4.793678	147.23599	147.192342	-165.89356	-165.823732	
4.804237	147.23599	147.192342	-165.89356	-165.841186	
4.814385	147.23599	147.192342	-165.89356	-165.841186	
4.825494	147.23599	147.192342	-165.89356	-165.849912	
4.836766	147.23599	147.192342	-165.89356	-165.858639	
4.84793	147.23599	147.192342	-165.89356	-165.867365	
4.859088	147.23599	147.192342	-165.89356	-165.867365	
4.870294	147.23599	147.192342	-165.89356	-165.867365	
4.881878	147.23599	147.192342	-165.89356	-165.867365	
4.893051	147.23599	147.192342	-165.89356	-165.867365	
4.9043	147.23599	147.192342	-165.89356	-165.867365	
4.91547	147.23599	147.192342	-165.89356	-165.867365	
4.926638	147.23599	147.192342	-165.89356	-165.867365	
4.937918	147.23599	147.192342	-165.89356	-165.867365	
4.949018	147.23599	147.192342	-165.89356	-165.867365	
4.9602	147.23599	147.192342	-165.89356	-165.867365	
4.971421	147.23599	147.192342	-165.89356	-165.867365	
4.982644	147.23599	147.192342	-165.89356	-165.867365	
4.993808	147.23599	147.192342	-165.89356	-165.867365	
5.005025	147.23599	147.192342	-165.89356	-165.867365	
5.01619	147.23599	147.192342	-165.89356	-165.867365	
5.027534	147.23599	147.192342	-165.89356	-165.867365	
5.047271	147.23599	147.192342	-165.89356	-165.867365	
5.051617	147.23599	147.192342	-165.89356	-165.867365	
5.061853	147.23599	147.192342	-165.89356	-165.867365	
5.076021	147.23599	147.192342	-165.89356	-165.867365	
5.086275	147.23599	147.192342	-165.89356	-165.867365	
5.096346	147.23599	147.192342	-165.89356	-165.867365	
5.10656	147.23599	147.192342	-165.89356	-165.867365	
5.117753	147.23599	147.192342	-165.89356	-165.867365	
5.128964	147.23599	147.192342	-165.89356	-165.867365	
5.140161	147.23599	147.192342	-165.89356	-165.867365	
5.151409	147.23599	147.192342	-165.89356	-165.867365	
5.162592	147.23599	147.192342	-165.89356	-165.867365	
5.17372	147.23599	147.192342	-165.89356	-165.867365	
5.184979	147.23599	147.192342	-165.89356	-165.867365	
5.196109	147.23599	147.192342	-165.89356	-165.867365	
5.207343	147.23599	147.192342	-165.89356	-165.867365	
5.218471	147.23599	147.192342	-165.89356	-165.867365	
5.229915	147.23599	147.192342	-165.89356	-165.867365	
5.24095	147.23599	147.192342	-165.89356	-165.867365	
5.252151	147.23599	147.192342	-165.89356	-165.867365	
5.263336	147.23599	147.192342	-165.89356	-165.867365	
5.274446	147.23599	147.192342	-165.89356	-165.867365	
5.285676	147.23599	147.192342	-165.89356	-165.867365	
5.296913	147.23599	147.192342	-165.89356	-165.867365	
5.308068	147.23599	147.192342	-165.89356	-165.867365	
5.31931	147.23599	147.192342	-165.89356	-165.867365	
5.33041	147.23599	147.192342	-165.89356	-165.867365	
5.341662	147.23599	147.192342	-165.89356	-165.867365	
5.352916	147.23599	147.192342	-165.89356	-165.867365	
5.364124	147.23599	147.192342	-165.89356	-165.867365	
5.375249	147.23599	147.192342	-165.89356	-165.867365	
5.386469	147.23599	147.192342	-165.89356	-165.867365	
5.397649	147.23599	147.192342	-165.89356	-165.867365	
5.408896	147.23599	147.192342	-165.89356	-165.867365	
5.42001	147.23599	147.192342	-165.89356	-165.867365	
5.43174	147.23599	147.192342	-165.89356	-165.867365	
5.442804	147.23599	147.192342	-165.89356	-165.867365	
5.454041	147.23599	147.192342	-165.89356	-165.867365	
5.465181	147.23599	147.192342	-165.89356	-165.867365	
5.476385	147.23599	147.192342	-165.89356	-165.867365	
5.487517	147.23599	147.192342	-165.89356	-165.867365	
5.49872	147.23599	147.192342	-165.89356	-165.867365	
5.50986	147.23599	147.192342	-165.89356	-165.867365	
5.521163	147.23599	147.192342	-165.89356	-165.867365	
5.532299	147.23599	147.192342	-165.89356	-165.867365	
5.5435	147.23599	147.192342	-165.89356	-165.867365	
5.554836	147.23599	147.192342	-165.89356	-165.867365	
5.565999	147.23599	147.192342	-165.89356	-165.867365	
5.577156	147.23599	147.192342	-165.89356	-165.867365	
5.588582	147.23599	147.192342	-165.89356	-165.867365	
5.599559	147.23599	147.192342	-165.89356	-165.867365	
5.612502	147.23599	147.192342	-165.89356	-165.867365	
5.621869	147.23599	147.192342	-165.89356	-165.867365	
5.63307	147.23599	147.192342	-165.89356	-165.867365	
5.644485	147.23599	147.192342	-165.89356	-165.867365	
