0.04688623	0.00965988766	0.00872664626	0.941544555	0.942477796	
0.05700907	0.0112009022	0.00872664626	0.94000354	0.942477796	
0.0671409	0.0133578013	0.00872664626	0.937846641	0.93375115	
0.07724674	0.016121285	0.0174532925	0.935083157	0.93375115	
0.08737957	0.0195116553	0.0174532925	0.931692787	0.93375115	
0.0975644	0.0235404894	0.0174532925	0.927663953	0.93375115	
0.1076772	0.0281541119	0.0174532925	0.92305033	0.925024504	
0.1178061	0.0333893962	0.0174532925	0.917815046	0.925024504	
0.1279099	0.0392233012	0.0261799388	0.911981141	0.925024504	
0.1381317	0.0457593155	0.034906585	0.905445127	0.916297857	
0.1487106	0.0532059376	0.034906585	0.897998505	0.916297857	
0.1588994	0.0609858819	0.0523598776	0.89021856	0.907571211	
0.1689892	0.0693005733	0.0523598776	0.881903869	0.907571211	
0.1791381	0.0782828341	0.0610865238	0.872921608	0.898844565	
0.1893569	0.0879557614	0.0698131701	0.863248681	0.890117919	
0.1993997	0.0980597687	0.0872664626	0.853144674	0.872664626	
0.2095626	0.108908821	0.0872664626	0.842295621	0.872664626	
0.2197164	0.120367712	0.104719755	0.83083673	0.855211333	
0.2298622	0.13243754	0.122173048	0.818766902	0.837758041	
0.2399421	0.145028711	0.122173048	0.806175731	0.829031395	
0.2501799	0.158463215	0.13962634	0.792741227	0.820304748	
0.2603067	0.172352999	0.157079633	0.778851443	0.802851456	
0.2704546	0.186894332	0.165806279	0.76431011	0.79412481	
0.2805924	0.202036121	0.183259571	0.749168321	0.785398163	
0.2906822	0.217715486	0.191986218	0.733488956	0.776671517	
0.3008381	0.234123297	0.200712864	0.717081145	0.767944871	
0.3110869	0.251314686	0.218166156	0.699889757	0.767944871	
0.3211577	0.268803663	0.226892803	0.68240078	0.759218225	
0.3312916	0.287023703	0.226892803	0.66418074	0.750491578	
0.3414424	0.305891132	0.235619449	0.645313311	0.741764932	
0.3516982	0.325602053	0.244346095	0.625602389	0.733038286	
0.3617391	0.345476404	0.261799388	0.605728038	0.72431164	
0.3718639	0.366142667	0.270526034	0.585061775	0.706858347	
0.3820217	0.387494093	0.287979327	0.563710349	0.680678408	
0.3921076	0.409304348	0.305432619	0.541900095	0.663225116	
0.4022664	0.431903071	0.331612558	0.519301372	0.628318531	
0.4124712	0.455223588	0.357792497	0.495980855	0.602138592	
0.4225751	0.478915473	0.383972435	0.472288969	0.567232007	
0.4327099	0.503304449	0.410152374	0.447899994	0.532325422	
0.4428357	0.528286708	0.445058959	0.422917734	0.497418837	
0.4530366	0.554091143	0.479965544	0.3971133	0.462512252	
0.4631754	0.580338116	0.514872129	0.370866326	0.427605667	
0.4732762	0.607100228	0.558505361	0.344104214	0.392699082	
0.4834001	0.634544435	0.593411946	0.316660007	0.357792497	
0.4944389	0.665247654	0.628318531	0.285956789	0.314159265	
0.5037287	0.691512596	0.663225116	0.259691846	0.27925268	
0.5138456	0.720779904	0.698131701	0.230424538	0.244346095	
0.5239944	0.750761704	0.72431164	0.200442738	0.20943951	
0.5341062	0.781249699	0.750491578	0.169954743	0.174532925	
0.5441841	0.812250014	0.785398163	0.138954428	0.13962634	
0.5551219	0.846641395	0.820304748	0.104563047	0.104719755	
0.5648387	0.87769316	0.855211333	0.0735112827	0.0785398163	
0.5749726	0.910726567	0.872664626	0.0404778749	0.0523598776	
0.5850664	0.944242988	0.898844565	0.00696145449	0.0261799388	
0.5954242	0.979301841	0.925024504	-0.0280973985	0	
0.6053441	1.01342839	0.959931089	-0.0622239471	-0.0261799388	
0.6154229	1.04872677	0.994837674	-0.0975223235	-0.0523598776	
0.6255448	1.08480263	1.02101761	-0.133598185	-0.0698131701	
0.6363556	1.12407991	1.04719755	-0.172875472	-0.0959931089	
0.6458364	1.1589784	1.07337749	-0.207773953	-0.122173048	
0.6562932	1.19819607	1.09955743	-0.246991625	-0.157079633	
0.6662071	1.23591315	1.13446401	-0.284708706	-0.183259571	
0.6762929	1.27492754	1.1693706	-0.323723093	-0.218166156	
0.6863708	1.3145082	1.20427718	-0.363303757	-0.253072742	
0.6967826	1.35608604	1.24791042	-0.404881596	-0.296705973	
0.7066394	1.39597411	1.30027029	-0.444769664	-0.331612558	
0.7167893	1.43770431	1.34390352	-0.486499867	-0.375245789	
0.7269571	1.48012525	1.37881011	-0.528920804	-0.41887902	
0.7370259	1.52272983	1.43116999	-0.571525385	-0.462512252	
0.7471818	1.56635457	1.48352986	-0.615150124	-0.514872129	
0.7574946	1.61127919	1.51843645	-0.660074752	-0.567232007	
0.7675424	1.65562945	1.57079633	-0.704425004	-0.619591884	
0.7776543	1.70088649	1.6231562	-0.749682053	-0.671951762	
0.7877501	1.74667827	1.67551608	-0.795473827	-0.72431164	
0.7980719	1.79415539	1.72787596	-0.842950945	-0.785398163	
0.8082308	1.84148298	1.78023584	-0.890278533	-0.837758041	
0.8183706	1.88934775	1.83259571	-0.938143308	-0.890117919	
0.8285294	1.93794151	1.89368224	-0.986737072	-0.942477796	
0.8386193	1.98677514	1.94604212	-1.0355707	-0.994837674	
0.8487941	2.03666858	2.00712864	-1.08546414	-1.04719755	
0.8592729	2.08874639	2.05076187	-1.13754195	-1.09955743	
0.8691198	2.13817736	2.11184839	-1.18697292	-1.15191731	
0.8792116	2.18949815	2.16420827	-1.2382937	-1.20427718	
0.8993903	2.29519517	2.26020138	-1.34399073	-1.30899694	
0.9036672	2.31747707	2.28638132	-1.36627263	-1.33517688	
0.913829	2.37127752	2.32128791	-1.42007308	-1.38753676	
0.9239469	2.42543644	2.37364778	-1.474232	-1.43989663	
0.9341067	2.48044611	2.42600766	-1.52924167	-1.49225651	
0.9441635	2.53552395	2.47836754	-1.58431951	-1.54461639	
0.9545784	2.593258	2.53072742	-1.64205356	-1.58824962	
0.9645972	2.64927648	2.57436065	-1.69807204	-1.6406095	
0.974674	2.70629254	2.63544717	-1.7550881	-1.69296937	
0.9848029	2.76420836	2.68780705	-1.81300392	-1.74532925	
0.9950407	2.82340891	2.74016693	-1.87220446	-1.79768913	
1.005329	2.88352953	2.7925268	-1.93232509	-1.85004901	
1.015178	2.9416066	2.85361333	-1.99040216	-1.90240888	
1.02531	3.00200756	2.91469985	-2.05080311	-1.96349541	
1.035435	3.06300599	2.97578637	-2.11180155	-2.02458193	
1.045575	3.12467545	3.0368729	-2.17347101	-2.08566846	
1.056834	3.19179287	3.09795942	-2.24058843	-2.14675498	
1.065862	3.2451047	3.15904595	-2.29390026	-2.21656815	
1.075948	3.30408544	3.22885912	-2.352881	-2.27765467	
1.08614	3.36308265	3.29867229	-2.41187821	-2.34746784	
1.096185	3.42064446	3.35975881	-2.46944002	-2.40855437	
1.106765	3.48064881	3.42957198	-2.52944437	-2.47836754	
1.116496	3.53526688	3.49938515	-2.58406243	-2.53945406	
1.126603	3.59142307	3.56047167	-2.64021863	-2.60926723	
1.136726	3.64707586	3.6215582	-2.69587142	-2.67035376	
1.146813	3.70192825	3.68264472	-2.7507238	-2.74016693	
1.158156	3.76287601	3.75245789	-2.81167157	-2.80125345	
1.167154	3.8107721	3.81354442	-2.85956766	-2.86233997	
1.177254	3.86391063	3.87463094	-2.91270619	-2.9234265	
1.187358	3.91650736	3.92699082	-2.96530292	-2.97578637	
1.197564	3.96903635	3.97935069	-3.0178319	-3.0368729	
1.208085	4.02252342	4.03171057	-3.07131898	-3.08923278	
1.218152	4.07313149	4.0753438	-3.12192705	-3.14159265	
1.2283	4.12355123	4.11897703	-3.17234679	-3.19395253	
1.23843	4.17329596	4.17133691	-3.22209152	-3.24631241	
1.248538	4.22234498	4.2062435	-3.27114054	-3.28121899	
1.259611	4.27538231	4.24987673	-3.32417787	-3.32485223	
1.269036	4.31999529	4.29350996	-3.36879085	-3.36848546	
1.279118	4.36714455	4.33714319	-3.41594011	-3.40339204	
1.289257	4.41394938	4.38077642	-3.46274494	-3.44702527	
1.299371	4.46008316	4.41568301	-3.50887871	-3.48193186	
1.309588	4.50607004	4.45058959	-3.5548656	-3.51683844	
1.319679	4.55090842	4.49422282	-3.59970397	-3.56047167	
1.329802	4.59529518	4.5465827	-3.64409074	-3.59537826	
1.339932	4.63913187	4.59021593	-3.68792743	-3.63028484	
1.350052	4.68232931	4.62512252	-3.73112487	-3.66519143	
1.360893	4.72794095	4.66875575	-3.77673651	-3.70009801	
1.370416	4.7674732	4.71238898	-3.81626876	-3.74373125	
1.380519	4.80883747	4.75602221	-3.85763302	-3.78736448	
1.39067	4.84981822	4.7909288	-3.89861378	-3.82227106	
1.400749	4.88991267	4.83456203	-3.93870823	-3.86590429	
1.411698	4.93276241	4.86946861	-3.98155797	-3.90953752	
1.42147	4.97047001	4.91310184	-4.01926556	-3.95317076	
1.431551	5.00879946	4.95673508	-4.05759502	-3.99680399	
1.441664	5.04666854	5.00036831	-4.0954641	-4.04043722	
1.451766	5.08391703	5.04400154	-4.13271258	-4.08407045	
1.46217	5.12166192	5.07890812	-4.17045748	-4.11897703	
1.47214	5.15725994	5.11381471	-4.2060555	-4.16261027	
1.482244	5.19272258	5.15744794	-4.24151814	-4.2062435	
1.492426	5.227907	5.20108117	-4.27670256	-4.24115008	
1.505241	5.27115013	5.2447144	-4.31994569	-4.29350996	
1.514797	5.30294444	5.27962099	-4.35174	-4.32841654	
1.524887	5.33593776	5.32325422	-4.38473332	-4.36332313	
1.53508	5.36865815	5.34943416	-4.41745371	-4.39822972	
1.545138	5.40039269	5.38434074	-4.44918824	-4.4331363	
1.555427	5.43224755	5.41052068	-4.48104311	-4.46804289	
1.566199	5.46492378	5.44542727	-4.51371934	-4.50294947	
1.576235	5.49480284	5.47160721	-4.54359839	-4.52912941	
1.586387	5.5244487	5.49778714	-4.57324426	-4.55530935	
1.596459	5.55328593	5.52396708	-4.60208149	-4.59021593	
1.606931	5.58264704	5.55014702	-4.63144259	-4.60766923	
1.616737	5.60959721	5.56760031	-4.65839277	-4.63384916	
1.626896	5.63702678	5.6025069	-4.68582234	-4.6600291	
1.637703	5.66535939	5.61996019	-4.71415495	-4.6774824	
1.647145	5.68969345	5.63741348	-4.73848901	-4.69493569	
1.657264	5.71519738	5.66359342	-4.76399294	-4.71238898	
1.667534	5.74048841	5.68104672	-4.78928396	-4.73856892	
1.677696	5.7649102	5.70722665	-4.81370576	-4.75602221	
1.687725	5.78846776	5.72467995	-4.83726332	-4.78220215	
1.697822	5.81160911	5.74213324	-4.86040467	-4.79965544	
1.708196	5.83478101	5.77703982	-4.88357657	-4.81710874	
1.718271	5.85671509	5.79449312	-4.90551065	-4.83456203	
1.728413	5.87822904	5.81194641	-4.9270246	-4.85201532	
1.738549	5.89915309	5.83812635	-4.94794864	-4.87819526	
1.74864	5.9194202	5.85557964	-4.96821576	-4.9043752	
1.758835	5.93931315	5.88175958	-4.98810871	-4.92182849	
1.769004	5.95858556	5.89921287	-5.00738112	-4.93928178	
1.787148	5.99073734	5.93411946	-5.0395329	-4.97418837	
1.791453	5.99842097	5.95157275	-5.04721653	-4.99164166	
1.801545	6.01573838	5.96902604	-5.06453394	-5.00909495	
1.811667	6.03253826	5.98647933	-5.08133381	-5.02654825	
1.821884	6.04891765	6.00393263	-5.09771321	-5.05272818	
1.831979	6.0645461	6.02138592	-5.11334166	-5.07018148	
1.842114	6.07967663	6.03883921	-5.12847219	-5.09636142	
1.85228	6.09429313	6.0562925	-5.14308869	-5.11381471	
1.862351	6.10822537	6.06501915	-5.15702092	-5.131268	
1.872613	6.12185434	6.08247244	-5.1706499	-5.14872129	
1.882731	6.13473062	6.09119909	-5.18352617	-5.16617459	
1.892848	6.14705537	6.10865238	-5.19585093	-5.16617459	
1.903002	6.15887874	6.11737903	-5.2076743	-5.18362788	
1.913069	6.17006556	6.12610567	-5.21886111	-5.19235452	
1.923237	6.1808136	6.13483232	-5.22960916	-5.19235452	
1.933374	6.19098488	6.14355897	-5.23978044	-5.20108117	
1.943555	6.20065399	6.15228561	-5.24944955	-5.20108117	
1.953698	6.20975634	6.16101226	-5.25855189	-5.20108117	
1.963996	6.21850176	6.16101226	-5.26729731	-5.20980782	
1.974047	6.22641393	6.16101226	-5.27520949	-5.20980782	
1.984423	6.23407913	6.16101226	-5.28287469	-5.21853446	
1.994305	6.24089926	6.16101226	-5.28969482	-5.21853446	
2.004353	6.24732683	6.16101226	-5.29612239	-5.22726111	
2.014488	6.25330378	6.16973891	-5.30209934	-5.22726111	
2.024638	6.25878602	6.17846555	-5.30758158	-5.23598776	
2.034773	6.263771	6.17846555	-5.31256655	-5.23598776	
2.046873	6.26898081	6.1871922	-5.31777637	-5.2447144	
2.055065	6.27227653	6.19591884	-5.32107208	-5.25344105	
2.065452	6.27592342	6.19591884	-5.32471898	-5.26216769	
2.075349	6.27898541	6.20464549	-5.32778097	-5.26216769	
2.085584	6.28170842	6.21337214	-5.33050398	-5.27089434	
2.09565	6.28398861	6.22209878	-5.33278417	-5.27089434	
2.105738	6.28589335	6.23082543	-5.3346889	-5.27962099	
2.115892	6.28745245	6.23082543	-5.33624801	-5.27962099	
2.126073	6.29192665	6.23082543	-5.3407222	-5.27962099	
2.136207	6.29192665	6.23082543	-5.3407222	-5.28834763	
2.146264	6.29192665	6.23082543	-5.3407222	-5.28834763	
2.156446	6.29192665	6.23082543	-5.3407222	-5.28834763	
2.166755	6.29192665	6.23082543	-5.3407222	-5.27962099	
2.176812	6.29192665	6.23082543	-5.3407222	-5.27962099	
2.186834	6.29192665	6.23082543	-5.3407222	-5.27962099	
2.196948	6.29192665	6.23082543	-5.3407222	-5.27962099	
2.207121	6.29192665	6.23082543	-5.3407222	-5.27962099	
2.217267	6.29192665	6.23082543	-5.3407222	-5.27962099	
2.227359	6.29192665	6.23082543	-5.3407222	-5.27962099	
2.237638	6.29192665	6.23082543	-5.3407222	-5.27962099	
2.247672	6.29192665	6.23082543	-5.3407222	-5.27962099	
2.257767	6.29192665	6.23082543	-5.3407222	-5.27962099	
2.268204	6.29192665	6.23082543	-5.3407222	-5.27962099	
2.278637	6.29192665	6.23082543	-5.3407222	-5.27962099	
2.28849	6.29192665	6.23082543	-5.3407222	-5.27962099	
2.298656	6.29192665	6.23082543	-5.3407222	-5.27962099	
2.308746	6.29192665	6.23082543	-5.3407222	-5.27962099	
2.318991	6.29192665	6.23082543	-5.3407222	-5.27962099	
2.329075	6.29192665	6.23082543	-5.3407222	-5.27962099	
2.339217	6.29192665	6.23082543	-5.3407222	-5.27962099	
2.349309	6.29192665	6.23082543	-5.3407222	-5.27962099	
2.359449	6.29192665	6.23082543	-5.3407222	-5.27962099	
2.369605	6.29192665	6.23082543	-5.3407222	-5.27962099	
2.380194	6.29192665	6.23082543	-5.3407222	-5.27962099	
2.38997	6.29192665	6.23082543	-5.3407222	-5.27962099	
2.40005	6.29192665	6.23082543	-5.3407222	-5.27962099	
2.411263	6.29192665	6.23082543	-5.3407222	-5.27962099	
2.420389	6.29192665	6.23082543	-5.3407222	-5.27962099	
2.43048	6.29192665	6.23082543	-5.3407222	-5.27962099	
2.440616	6.29192665	6.23082543	-5.3407222	-5.27962099	
2.450736	6.29192665	6.23082543	-5.3407222	-5.27962099	
2.460827	6.29192665	6.23082543	-5.3407222	-5.27962099	
2.47107	6.29192665	6.23082543	-5.3407222	-5.27962099	
2.48135	6.29192665	6.23082543	-5.3407222	-5.27962099	
2.491299	6.29192665	6.23082543	-5.3407222	-5.27962099	
2.501545	6.29192665	6.23082543	-5.3407222	-5.27962099	
2.511574	6.29192665	6.23082543	-5.3407222	-5.27962099	
2.521749	6.29192665	6.23082543	-5.3407222	-5.27962099	
2.531889	6.29192665	6.23082543	-5.3407222	-5.27962099	
2.542029	6.29192665	6.23082543	-5.3407222	-5.27962099	
2.552143	6.29192665	6.23082543	-5.3407222	-5.27962099	
2.562242	6.29192665	6.23082543	-5.3407222	-5.27962099	
2.572439	6.29192665	6.23082543	-5.3407222	-5.27962099	
2.582633	6.29192665	6.23082543	-5.3407222	-5.27962099	
2.59271	6.29192665	6.23082543	-5.3407222	-5.27962099	
2.602846	6.29192665	6.23082543	-5.3407222	-5.27962099	
2.613003	6.29192665	6.23082543	-5.3407222	-5.27962099	
2.623171	6.29192665	6.23082543	-5.3407222	-5.27962099	
2.633321	6.29192665	6.23082543	-5.3407222	-5.27962099	
2.643512	6.29192665	6.23082543	-5.3407222	-5.27962099	
2.653724	6.29192665	6.23082543	-5.3407222	-5.27962099	
2.663745	6.29192665	6.23082543	-5.3407222	-5.27962099	
2.674101	6.29192665	6.23082543	-5.3407222	-5.27962099	
