0.03347134	23.2826922	23.2826922	-23.361232	-23.361232	
0.03810825	23.2828853	23.2826922	-23.3614251	-23.361232	
0.04827905	23.2840986	23.2826922	-23.3626384	-23.361232	
0.05831486	23.285895	23.2826922	-23.3644348	-23.361232	
0.06845466	23.2883415	23.2826922	-23.3668813	-23.361232	
0.07930345	23.2916675	23.2826922	-23.3702073	-23.3699587	
0.08939425	23.2953574	23.2826922	-23.3738973	-23.3699587	
0.09950805	23.2996705	23.2914189	-23.3782103	-23.3699587	
0.1096768	23.3046302	23.2914189	-23.38317	-23.3699587	
0.1198107	23.3101875	23.3001455	-23.3887273	-23.3699587	
0.1311404	23.3172172	23.3001455	-23.395757	-23.3699587	
0.1405222	23.323505	23.3001455	-23.4020448	-23.3699587	
0.1502721	23.3306187	23.3001455	-23.4091585	-23.3699587	
0.1604219	23.3386558	23.3001455	-23.4171956	-23.3699587	
0.1704257	23.3471768	23.3001455	-23.4257166	-23.3699587	
0.1806165	23.35649	23.3001455	-23.4350299	-23.3699587	
0.1907613	23.3663684	23.3001455	-23.4449082	-23.3699587	
0.2008781	23.3768346	23.3001455	-23.4553744	-23.3699587	
0.2109939	23.3879146	23.3001455	-23.4664544	-23.3699587	
0.2212937	23.3998445	23.3001455	-23.4783843	-23.3699587	
0.2323644	23.4134313	23.3001455	-23.4919711	-23.3699587	
0.2417633	23.4254372	23.3001455	-23.503977	-23.3699587	
0.2515181	23.4384761	23.3001455	-23.5170159	-23.3699587	
0.2616679	23.4526801	23.3001455	-23.5312199	-23.3699587	
0.2717477	23.4673967	23.3001455	-23.5459365	-23.3699587	
0.2819495	23.4829262	23.3001455	-23.561466	-23.3699587	
0.2920053	23.4988197	23.3001455	-23.5773595	-23.3699587	
0.3021371	23.5154615	23.3001455	-23.5940013	-23.3699587	
0.3122829	23.5327373	23.3001455	-23.6112771	-23.3699587	
0.3223527	23.5504987	23.3001455	-23.6290385	-23.3699587	
0.3407913	23.5855362	23.3001455	-23.664076	-23.3699587	
0.3451982	23.5938198	23.3001455	-23.6723596	-23.3699587	
0.35532	23.613671	23.3001455	-23.6922108	-23.3699587	
0.3654168	23.6340841	23.3001455	-23.7126239	-23.3699587	
0.3755626	23.6552152	23.3001455	-23.733755	-23.3699587	
0.3857174	23.6769906	23.3001455	-23.7555304	-23.3786853	
0.3958462	23.6993162	23.3001455	-23.777856	-23.3786853	
0.406033	23.7224009	23.3088722	-23.8009407	-23.3786853	
0.4161458	23.7459246	23.3088722	-23.8244644	-23.3786853	
0.4262666	23.770089	23.3088722	-23.8486288	-23.387412	
0.4376614	23.7981252	23.3088722	-23.876665	-23.3961386	
0.4466212	23.8205742	23.3175988	-23.899114	-23.4048653	
0.458591	23.8515277	23.3263255	-23.9300676	-23.4135919	
0.4686628	23.8781229	23.3350521	-23.9566627	-23.4223186	
0.4788256	23.9055862	23.3437787	-23.984126	-23.4397719	
0.4889234	23.9334835	23.361232	-24.0120233	-23.4484985	
0.4990922	23.9622053	23.3699587	-24.0407451	-23.4659518	
0.509207	23.991384	23.3961386	-24.0699238	-23.4746784	
0.5193888	24.021374	23.4135919	-24.0999138	-23.4921317	
0.5294456	24.0516016	23.4397719	-24.1301414	-23.509585	
0.5401044	24.0843555	23.4572251	-24.1628953	-23.5270383	
0.5502322	24.116062	23.4746784	-24.1946018	-23.5444916	
0.560427	24.1486005	23.509585	-24.2271404	-23.5619449	
0.5704418	24.181174	23.535765	-24.2597138	-23.5881248	
0.5806176	24.2149043	23.5619449	-24.2934441	-23.6143048	
0.5909424	24.2497591	23.5881248	-24.3282989	-23.6404847	
0.6009032	24.2839485	23.6143048	-24.3624883	-23.6666647	
0.611012	24.3192917	23.6492114	-24.3978315	-23.7015712	
0.6211198	24.3552301	23.6841179	-24.4337699	-23.7364778	
0.6316826	24.3934888	23.7277512	-24.4720286	-23.7713844	
0.6414514	24.4294033	23.7626578	-24.5079431	-23.806291	
0.6515852	24.4672946	23.806291	-24.5458345	-23.8499242	
0.661727	24.5058216	23.8499242	-24.5843614	-23.8935575	
0.6718068	24.5447323	23.8935575	-24.6232721	-23.928464	
0.6819596	24.5845575	23.928464	-24.6630973	-23.9808239	
0.6920824	24.6248468	23.9633706	-24.7033866	-24.0244572	
0.7022212	24.6658413	24.0157305	-24.7443811	-24.0680904	
0.712385	24.7075533	24.0593637	-24.7860932	-24.1117236	
0.7225108	24.7497193	24.102997	-24.8282591	-24.1640835	
0.7410845	24.8296568	24.1553568	-24.9081966	-24.25135	
0.7455034	24.8485812	24.2077167	-24.927121	-24.2688032	
0.7556402	24.8927907	24.2600766	-24.9713305	-24.3211631	
0.765768	24.9376025	24.3124365	-25.0161423	-24.373523	
0.7758488	24.9827966	24.3647964	-25.0613364	-24.4258829	
0.7860396	25.0291379	24.4171562	-25.1076778	-24.4782428	
0.7961654	25.0757786	24.4607895	-25.1543184	-24.5393293	
0.8063442	25.1232771	24.521876	-25.2018169	-24.5916892	
0.816525	25.1714306	24.5655092	-25.2499704	-24.6527757	
0.8266008	25.2196694	24.6265957	-25.2982092	-24.7051356	
0.8367596	25.2689517	24.6789556	-25.3474916	-24.7662221	
0.8470894	25.3197393	24.7313155	-25.3982792	-24.818582	
0.8571312	25.3696385	24.7836754	-25.4481784	-24.8796685	
0.867232	25.4204546	24.8360353	-25.4989944	-24.940755	
0.8773328	25.471903	24.8971218	-25.5504428	-24.9931149	
0.8875086	25.5243623	24.9494817	-25.6029022	-25.0542014	
0.8976094	25.5770292	25.0105682	-25.655569	-25.1152879	
0.9077582	25.6305816	25.0629281	-25.7091215	-25.1763745	
0.917954	25.6850074	25.1152879	-25.7635472	-25.237461	
0.9280348	25.7394203	25.1851011	-25.8179601	-25.2898209	
0.9381746	25.7947814	25.237461	-25.8733212	-25.3509074	
0.9486844	25.8528594	25.2898209	-25.9313992	-25.4119939	
0.9587022	25.9087515	25.359634	-25.9872913	-25.4730804	
0.968624	25.9646837	25.4207206	-26.0432235	-25.534167	
0.9787908	26.0226943	25.4818071	-26.1012341	-25.6039801	
0.9888866	26.0808341	25.534167	-26.1593739	-25.6650667	
0.9991204	26.1404483	25.6039801	-26.2189881	-25.7261532	
1.009189	26.1997048	25.65634	-26.2782446	-25.7872397	
1.019309	26.2598655	25.7174265	-26.3384054	-25.8483262	
1.02945	26.3207687	25.7785131	-26.3993085	-25.9094127	
1.039561	26.382104	25.8483262	-26.4606438	-25.9792259	
1.050141	26.4470271	25.9094127	-26.5255669	-26.0403124	
1.059881	26.5055448	25.9704993	-26.5840846	-26.101399	
1.07001	26.5658433	26.0315858	-26.6443832	-26.1624855	
1.080933	26.6301238	26.101399	-26.7086636	-26.2322987	
1.091023	26.6889153	26.1624855	-26.7674551	-26.2933852	
1.101267	26.7479737	26.2322987	-26.8265136	-26.3544717	
1.111316	26.8052897	26.3021118	-26.8838295	-26.4155582	
1.12146	26.8625377	26.3631984	-26.9410775	-26.4853714	
1.13153	26.9187666	26.4242849	-26.9973064	-26.5464579	
1.141907	26.9760867	26.4766448	-27.0546265	-26.6162711	
1.151896	27.0306869	26.5464579	-27.1092267	-26.6773576	
1.161947	27.0849744	26.6162711	-27.1635142	-26.7384441	
1.172109	27.1392708	26.6773576	-27.2178106	-26.8082573	
1.182204	27.1925999	26.7384441	-27.2711397	-26.8693438	
1.192391	27.2458209	26.790804	-27.3243607	-26.9304304	
1.202534	27.2981607	26.8606172	-27.3767005	-26.9915169	
1.212676	27.3499096	26.9129771	-27.4284494	-27.0526034	
1.222753	27.4007104	26.9740636	-27.4792502	-27.1049633	
1.237888	27.4754849	27.0700567	-27.5540247	-27.1922297	
1.248764	27.5285798	27.1311432	-27.6071196	-27.2620429	
1.25891	27.5775536	27.1922297	-27.6560934	-27.3231294	
1.269029	27.6258092	27.2445896	-27.704349	-27.3754893	
1.27917	27.6735311	27.3056761	-27.7520709	-27.4278492	
1.289248	27.7203656	27.358036	-27.7989054	-27.4889357	
1.299398	27.7669221	27.4191225	-27.8454619	-27.5412956	
1.309561	27.8129394	27.4714824	-27.8914792	-27.5936555	
1.319673	27.8581083	27.5238423	-27.9366481	-27.6460154	
1.329837	27.9029138	27.5762022	-27.9814536	-27.6983752	
1.339923	27.9467413	27.6285621	-28.0252811	-27.7507351	
1.350184	27.9907441	27.6809219	-28.0692839	-27.803095	
1.360327	28.0336107	27.7332818	-28.1121506	-27.8554549	
1.370411	28.0756492	27.776915	-28.1541891	-27.9078147	
1.380592	28.1175604	27.8292749	-28.1961002	-27.951448	
1.390662	28.1582074	27.8729082	-28.2367472	-27.9950812	
1.400808	28.1986489	27.925268	-28.2771887	-28.0474411	
1.41093	28.2384104	27.9689013	-28.3169502	-28.0910743	
1.421048	28.2775524	28.0125345	-28.3560923	-28.1347075	
1.431263	28.3164515	28.0561677	-28.3949913	-28.1783408	
1.441693	28.3555213	28.099801	-28.4340612	-28.221974	
1.451514	28.3917453	28.1347075	-28.4702851	-28.2568806	
1.461699	28.4287193	28.1783408	-28.5072591	-28.3005138	
1.473287	28.4704322	28.221974	-28.548972	-28.3354204	
1.482034	28.500635	28.2568806	-28.5791748	-28.3790536	
1.492182	28.5356493	28.2917872	-28.6141892	-28.4139602	
1.50231	28.5699694	28.3266938	-28.6485093	-28.4488668	
1.512538	28.6040347	28.3616003	-28.6825745	-28.4837734	
1.530432	28.6613371	28.3877803	-28.7398769	-28.5361333	
1.535224	28.6767285	28.4314135	-28.7552684	-28.5535866	
1.545312	28.7083787	28.4575935	-28.7869185	-28.5797665	
1.555552	28.7399181	28.4837734	-28.8184579	-28.6059464	
1.565653	28.7703956	28.5012267	-28.8489354	-28.640853	
1.575895	28.8007086	28.5361333	-28.8792485	-28.6583063	
1.585868	28.829636	28.5623132	-28.9081758	-28.6844863	
1.596048	28.8585568	28.5884931	-28.9370966	-28.7106662	
1.606156	28.8866856	28.6059464	-28.9652254	-28.7368461	
1.616315	28.9143595	28.640853	-28.9928993	-28.7630261	
1.626445	28.9413481	28.6583063	-29.0198879	-28.7804794	
1.636582	28.9677635	28.6757596	-29.0463033	-28.8066593	
1.646724	28.9935974	28.7106662	-29.0721372	-28.8328392	
1.656941	29.019027	28.7281195	-29.0975668	-28.8502925	
1.667036	29.0435378	28.7455728	-29.1220776	-28.8677458	
1.677184	29.0676037	28.7630261	-29.1461436	-28.8851991	
1.687341	29.0910744	28.7804794	-29.1696142	-28.9026524	
1.697453	29.113864	28.8066593	-29.1924038	-28.9201057	
1.707578	29.1360939	28.815386	-29.2146337	-28.937559	
1.717792	29.1579143	28.8328392	-29.2364541	-28.9550123	
1.727858	29.1788368	28.8502925	-29.2573766	-28.9724656	
1.737961	29.1992558	28.8590192	-29.2777956	-28.9899189	
1.748114	29.2191821	28.8764725	-29.297722	-28.9986455	
1.758353	29.2386919	28.8851991	-29.3172317	-29.0073722	
1.768465	29.2573509	28.8939258	-29.3358907	-29.0248255	
1.778594	29.2754745	28.9113791	-29.3540143	-29.0335521	
1.788741	29.2930296	28.9201057	-29.3715694	-29.0422788	
1.798819	29.3099048	28.9288324	-29.3884446	-29.059732	
1.809013	29.3263782	28.937559	-29.404918	-29.0684587	
1.819095	29.3421018	28.9550123	-29.4206416	-29.0771853	
1.829261	29.3573739	28.9550123	-29.4359137	-29.085912	
1.839407	29.3720361	28.9637389	-29.4505759	-29.0946386	
1.849507	29.3860652	28.9724656	-29.4646051	-29.1033653	
1.85973	29.3996764	28.9899189	-29.4782162	-29.1120919	
1.86989	29.4126441	28.9899189	-29.4911839	-29.1120919	
1.879987	29.4249487	28.9899189	-29.5034886	-29.1208186	
1.890133	29.436753	28.9986455	-29.5152928	-29.1208186	
1.900453	29.4482738	29.0073722	-29.5268136	-29.1208186	
1.910386	29.4586349	29.0160988	-29.5371747	-29.1208186	
1.920597	29.4688167	29.0248255	-29.5473565	-29.1208186	
1.93069	29.4783371	29.0248255	-29.5568769	-29.1208186	
1.940781	29.4873055	29.0248255	-29.5658453	-29.1208186	
1.950881	29.495743	29.0335521	-29.5742828	-29.1208186	
1.961095	29.5037189	29.0422788	-29.5822587	-29.1208186	
1.971315	29.5111541	29.0422788	-29.589694	-29.1208186	
1.981356	29.5179419	29.0510054	-29.5964817	-29.1208186	
1.991525	29.5242847	29.059732	-29.6028246	-29.1208186	
2.001925	29.5302211	29.059732	-29.6087609	-29.1208186	
2.011733	29.5353536	29.059732	-29.6138934	-29.1295452	
2.02189	29.5401599	29.0684587	-29.6186997	-29.1295452	
2.031982	29.5444509	29.0771853	-29.6229907	-29.1295452	
2.042085	29.5482697	29.085912	-29.6268096	-29.1295452	
2.052273	29.5516526	29.0946386	-29.6301924	-29.1382719	
2.062697	29.5546334	29.0946386	-29.6331732	-29.1382719	
2.081108	29.5581664	29.0946386	-29.6367062	-29.1382719	
2.085451	29.5590707	29.0946386	-29.6376105	-29.1382719	
2.095588	29.5607329	29.1033653	-29.6392727	-29.1382719	
2.10572	29.5658922	29.1033653	-29.644432	-29.1382719	
2.115879	29.5658922	29.1120919	-29.644432	-29.1382719	
2.126059	29.5658922	29.1120919	-29.644432	-29.1382719	
2.136173	29.5658922	29.1120919	-29.644432	-29.1382719	
2.146257	29.5658922	29.1120919	-29.644432	-29.1382719	
2.157103	29.5658922	29.1120919	-29.644432	-29.1382719	
2.166556	29.5658922	29.1120919	-29.644432	-29.1382719	
2.176776	29.5658922	29.1120919	-29.644432	-29.1382719	
2.18686	29.5658922	29.1120919	-29.644432	-29.1382719	
2.197	29.5658922	29.1120919	-29.644432	-29.1382719	
2.207231	29.5658922	29.1120919	-29.644432	-29.1382719	
2.217273	29.5658922	29.1120919	-29.644432	-29.1382719	
2.227412	29.5658922	29.1120919	-29.644432	-29.1382719	
2.237552	29.5658922	29.1120919	-29.644432	-29.1382719	
2.247668	29.5658922	29.1120919	-29.644432	-29.1382719	
2.258393	29.5658922	29.1120919	-29.644432	-29.1382719	
2.268016	29.5658922	29.1120919	-29.644432	-29.1382719	
2.278133	29.5658922	29.1120919	-29.644432	-29.1382719	
2.288283	29.5658922	29.1120919	-29.644432	-29.1382719	
2.29842	29.5658922	29.1120919	-29.644432	-29.1382719	
2.30961	29.5658922	29.1120919	-29.644432	-29.1382719	
2.31876	29.5658922	29.1120919	-29.644432	-29.1382719	
2.328873	29.5658922	29.1120919	-29.644432	-29.1382719	
2.338965	29.5658922	29.1120919	-29.644432	-29.1382719	
2.34907	29.5658922	29.1120919	-29.644432	-29.1382719	
2.359682	29.5658922	29.1120919	-29.644432	-29.1382719	
2.369393	29.5658922	29.1120919	-29.644432	-29.1382719	
2.379539	29.5658922	29.1120919	-29.644432	-29.1382719	
2.389777	29.5658922	29.1120919	-29.644432	-29.1382719	
2.399848	29.5658922	29.1120919	-29.644432	-29.1382719	
2.410006	29.5658922	29.1120919	-29.644432	-29.1382719	
2.420123	29.5658922	29.1120919	-29.644432	-29.1382719	
2.430303	29.5658922	29.1120919	-29.644432	-29.1382719	
2.440411	29.5658922	29.1120919	-29.644432	-29.1382719	
2.450571	29.5658922	29.1120919	-29.644432	-29.1382719	
2.460972	29.5658922	29.1120919	-29.644432	-29.1382719	
2.470826	29.5658922	29.1120919	-29.644432	-29.1382719	
2.480921	29.5658922	29.1120919	-29.644432	-29.1382719	
2.491061	29.5658922	29.1120919	-29.644432	-29.1382719	
2.501169	29.5658922	29.1120919	-29.644432	-29.1382719	
2.511451	29.5658922	29.1120919	-29.644432	-29.1382719	
2.521465	29.5658922	29.1120919	-29.644432	-29.1382719	
2.531593	29.5658922	29.1120919	-29.644432	-29.1382719	
2.541698	29.5658922	29.1120919	-29.644432	-29.1382719	
2.551949	29.5658922	29.1120919	-29.644432	-29.1382719	
2.562311	29.5658922	29.1120919	-29.644432	-29.1382719	
2.572092	29.5658922	29.1120919	-29.644432	-29.1382719	
2.582225	29.5658922	29.1120919	-29.644432	-29.1382719	
2.592398	29.5658922	29.1120919	-29.644432	-29.1382719	
2.602558	29.5658922	29.1120919	-29.644432	-29.1382719	
2.613111	29.5658922	29.1120919	-29.644432	-29.1382719	
2.622746	29.5658922	29.1120919	-29.644432	-29.1382719	
2.632908	29.5658922	29.1120919	-29.644432	-29.1382719	
2.643004	29.5658922	29.1120919	-29.644432	-29.1382719	
2.653093	29.5658922	29.1120919	-29.644432	-29.1382719	
