0.03299443	78.2431104	78.2431104	-78.5136364	-78.5136364	
0.03804834	78.2433398	78.2431104	-78.5138658	-78.5136364	
0.04780917	78.2444916	78.2431104	-78.5150176	-78.5136364	
0.05803699	78.246342	78.2431104	-78.5168681	-78.5136364	
0.06809782	78.2487639	78.2431104	-78.5192899	-78.5136364	
0.07827564	78.2518381	78.2431104	-78.5223641	-78.5136364	
0.08858146	78.2555959	78.2431104	-78.526122	-78.5136364	
0.09856929	78.259822	78.2431104	-78.530348	-78.522363	
0.1087031	78.2647333	78.2431104	-78.5352594	-78.522363	
0.1188259	78.2702515	78.251837	-78.5407775	-78.522363	
0.1289968	78.2764217	78.251837	-78.5469478	-78.522363	
0.1391936	78.2832305	78.251837	-78.5537565	-78.522363	
0.1492984	78.2905845	78.251837	-78.5611105	-78.522363	
0.1594302	78.2985779	78.251837	-78.5691039	-78.522363	
0.1695741	78.3072042	78.251837	-78.5777302	-78.522363	
0.1797919	78.3165118	78.251837	-78.5870378	-78.522363	
0.1898847	78.3263166	78.2605637	-78.5968426	-78.5310897	
0.2000775	78.3368482	78.2692903	-78.6073742	-78.5398163	
0.2102714	78.3479999	78.278017	-78.6185259	-78.548543	
0.2202822	78.3595494	78.278017	-78.6300754	-78.5572696	
0.230445	78.3718999	78.2954702	-78.6424259	-78.5659963	
0.2410408	78.3854669	78.3129235	-78.6559929	-78.5834496	
0.2507947	78.3984927	78.3303768	-78.6690187	-78.6009029	
0.2609225	78.4126474	78.3478301	-78.6831735	-78.6183562	
0.2710223	78.4273787	78.3740101	-78.6979047	-78.6445361	
0.2812021	78.4428509	78.3914634	-78.713377	-78.6619894	
0.2913429	78.4588749	78.4176433	-78.7294009	-78.6881693	
0.3014998	78.4755537	78.4263699	-78.7460798	-78.7056226	
0.3116266	78.4928467	78.4525499	-78.7633727	-78.7230759	
0.3217294	78.5105938	78.4612765	-78.7811198	-78.7405292	
0.3329952	78.5312719	78.4787298	-78.801798	-78.7579825	
0.3424251	78.5490383	78.4874565	-78.8195644	-78.7754358	
0.3521389	78.567912	78.5049098	-78.838438	-78.7928891	
0.3623747	78.5884486	78.522363	-78.8589746	-78.8103424	
0.3724125	78.6091925	78.5398163	-78.8797186	-78.819069	
0.3826234	78.6309293	78.5572696	-78.9014554	-78.8365223	
0.3927312	78.6530502	78.5747229	-78.9235763	-78.8627023	
0.402905	78.6759456	78.6009029	-78.9464716	-78.8801555	
0.4129918	78.6992364	78.6270828	-78.9697625	-78.9063355	
0.4230947	78.7231914	78.6619894	-78.9937174	-78.9237888	
0.4342875	78.7505418	78.6881693	-79.0210678	-78.9586954	
0.4437973	78.7742456	78.7143493	-79.0447717	-78.9761487	
0.4535721	78.7991803	78.7492558	-79.0697064	-79.0110552	
0.463825	78.8260069	78.7754358	-79.0965329	-79.0372352	
0.4741218	78.8536529	78.8016157	-79.124179	-79.0634151	
0.4933644	78.9078385	78.8539756	-79.1783645	-79.1245016	
0.4977794	78.920206	78.8714289	-79.1907321	-79.1419549	
0.5079282	78.9494291	78.8976088	-79.2199551	-79.1768615	
0.518072	78.9792609	78.9237888	-79.2497869	-79.2117681	
0.5281608	79.0095369	78.9499687	-79.2800629	-79.2466747	
0.5399416	79.0457928	78.9848753	-79.3163188	-79.2815813	
0.5500785	79.0775441	79.0197819	-79.3480701	-79.3077612	
0.5601973	79.1098592	79.0459618	-79.3803852	-79.3426678	
0.5703551	79.1429191	79.0808684	-79.4134451	-79.3688477	
0.5804299	79.1763086	79.115775	-79.4468346	-79.3950277	
0.5906118	79.2106882	79.1506816	-79.4812142	-79.4299343	
0.6008086	79.2457535	79.1855882	-79.5162795	-79.4648408	
0.6109284	79.2811381	79.2204947	-79.5516641	-79.4910208	
0.6210312	79.3171074	79.2554013	-79.5876334	-79.5259274	
0.6311361	79.3536601	79.2903079	-79.6241862	-79.560834	
0.6413629	79.3913077	79.3252145	-79.6618337	-79.5957405	
0.6515207	79.4293145	79.3601211	-79.6998406	-79.6393738	
0.6616195	79.467703	79.4037543	-79.7382291	-79.6742804	
0.6717994	79.507154	79.4473876	-79.77768	-79.7179136	
0.6818662	79.5465239	79.4822941	-79.8170499	-79.7615468	
0.692037	79.5870563	79.5259274	-79.8575823	-79.7964534	
0.7021808	79.6280937	79.5695606	-79.8986197	-79.8400866	
0.7123296	79.6697736	79.6044672	-79.9402997	-79.8837199	
0.7225055	79.7121739	79.6393738	-79.9827	-79.9360797	
0.7325453	79.7546123	79.683007	-80.0251383	-79.979713	
0.7427951	79.7986101	79.7266402	-80.0691361	-80.0233462	
0.7529849	79.8429193	79.7702735	-80.1134453	-80.0669794	
0.7630768	79.8874186	79.8139067	-80.1579446	-80.1106127	
0.7731546	79.9324785	79.8575399	-80.2030046	-80.1542459	
0.7837824	79.9812581	79.9186264	-80.2517841	-80.1978791	
0.8026671	80.0689949	80.0058929	-80.3395209	-80.2764189	
0.807012	80.0892159	80.0233462	-80.359742	-80.3025989	
0.8171348	80.1371355	80.0757061	-80.4076615	-80.3462321	
0.8273237	80.1860117	80.128066	-80.4565377	-80.3898653	
0.8456783	80.2765528	80.2153324	-80.5470788	-80.4771318	
0.8502273	80.2989054	80.2415124	-80.5694314	-80.5033117	
0.8601681	80.3485035	80.2938722	-80.6190295	-80.5556716	
0.8702989	80.3997018	80.3375055	-80.6702279	-80.6080315	
0.8804067	80.451417	80.3898653	-80.721943	-80.6516647	
0.8906076	80.5042195	80.4422252	-80.7747456	-80.7127513	
0.9007144	80.5571296	80.4945851	-80.8276557	-80.7563845	
0.9108672	80.6109378	80.546945	-80.8814639	-80.817471	
0.921025	80.6653705	80.5905782	-80.9358965	-80.8698309	
0.9311029	80.7199594	80.6516647	-80.9904854	-80.9309174	
0.9421617	80.7807026	80.7040246	-81.0512286	-80.9920039	
0.9514695	80.8322517	80.7563845	-81.1027777	-81.0443638	
0.9615983	80.88896	80.8087444	-81.159486	-81.1054503	
0.9717522	80.9464615	80.8611042	-81.2169875	-81.1578102	
0.981819	81.0040642	80.9221908	-81.2745902	-81.2188967	
0.9919908	81.0629209	80.9745506	-81.333447	-81.2799833	
1.002147	81.1222683	81.0356372	-81.3927943	-81.3410698	
1.020273	81.2306619	81.1054503	-81.5011879	-81.4457895	
1.024635	81.256648	81.1752635	-81.527174	-81.4719695	
1.035055	81.3196341	81.2450767	-81.5901602	-81.5243294	
1.046067	81.3869269	81.3148899	-81.6574529	-81.5941425	
1.056237	81.447837	81.384703	-81.718363	-81.6552291	
1.066349	81.5077823	81.4545162	-81.7783083	-81.7163156	
1.076382	81.5666697	81.5243294	-81.8371957	-81.7774021	
1.08667	81.6264529	81.5941425	-81.8969789	-81.8472153	
1.096662	81.6839039	81.6639557	-81.9544299	-81.9083018	
1.10681	81.7416537	81.7337689	-82.0121798	-81.978115	
1.116973	81.7989038	81.7861287	-82.0694299	-82.0392015	
1.127035	81.8549655	81.8384886	-82.1254916	-82.1090147	
1.137252	81.9113005	81.9083018	-82.1818266	-82.1701012	
1.15531	82.0085254	81.9955683	-82.2790515	-82.2748209	
1.159688	82.0321134	82.0130216	-82.3026394	-82.3010009	
1.169788	82.085867	82.0653814	-82.3563931	-82.3620874	
1.179953	82.1393532	82.1177413	-82.4098793	-82.4144473	
1.190122	82.1922743	82.1701012	-82.4628003	-82.4580805	
1.200276	82.2444825	82.2224611	-82.5150085	-82.5104404	
1.210468	82.2962863	82.2573676	-82.5668124	-82.5540736	
1.220541	82.3468794	82.3097275	-82.6174055	-82.6064335	
1.230632	82.3969857	82.3620874	-82.6675118	-82.6500667	
1.240795	82.446852	82.396994	-82.717378	-82.6937	
1.251212	82.4973397	82.4493539	-82.7678657	-82.7286065	
1.26112	82.5447403	82.5017137	-82.8152664	-82.7722398	
1.27124	82.5925696	82.545347	-82.8630956	-82.815873	
1.281387	82.6399281	82.5889802	-82.9104542	-82.8595062	
1.291493	82.6865085	82.6413401	-82.9570345	-82.9031395	
1.301671	82.7328084	82.6762467	-83.0033344	-82.9467727	
1.311814	82.7783445	82.7198799	-83.0488705	-82.9904059	
1.321906	82.8230669	82.7722398	-83.093593	-83.0427658	
1.332068	82.8674815	82.815873	-83.1380075	-83.086399	
1.342178	82.911078	82.8682329	-83.1816041	-83.1300323	
1.352368	82.9544656	82.9118661	-83.2249916	-83.1736655	
1.362731	82.9978737	82.9554993	-83.2683997	-83.2260254	
1.372737	83.0392331	82.9991326	-83.3097591	-83.2696586	
1.382951	83.0808665	83.0427658	-83.3513925	-83.3132918	
1.393064	83.1214637	83.0951257	-83.3919897	-83.3656517	
1.403225	83.1616708	83.1300323	-83.4321968	-83.409285	
1.41332	83.2010216	83.1736655	-83.4715476	-83.4529182	
1.423766	83.2412411	83.2172987	-83.5117671	-83.4965514	
1.433891	83.279365	83.260932	-83.549891	-83.5401846	
1.443983	83.3169044	83.3045652	-83.5874304	-83.5750912	
1.454504	83.3554013	83.3394718	-83.6259273	-83.6187245	
1.464437	83.3911525	83.3743784	-83.6616785	-83.6449044	
1.474504	83.4268088	83.4005583	-83.6973348	-83.6885376	
1.484603	83.4619929	83.4267382	-83.732519	-83.7147176	
1.495079	83.4978529	83.4616448	-83.768379	-83.7496242	
1.504845	83.5307308	83.4878248	-83.8012568	-83.7758041	
1.51496	83.5641849	83.5140047	-83.8347109	-83.801984	
1.525114	83.5971927	83.5489113	-83.8677187	-83.828164	
1.535232	83.6294671	83.5838179	-83.8999932	-83.8630706	
1.545367	83.6612173	83.6187245	-83.9317434	-83.8892505	
1.55559	83.6926458	83.653631	-83.9631718	-83.9154304	
1.565663	83.7229994	83.6885376	-83.9935254	-83.950337	
1.575772	83.7529781	83.7234442	-84.0235042	-83.976517	
1.593842	83.8042355	83.7583508	-84.0747615	-84.0376035	
1.598278	83.8166256	83.7932574	-84.0871517	-84.0463301	
1.608412	83.8446855	83.828164	-84.1152115	-84.0725101	
1.618592	83.8722686	83.8543439	-84.1427946	-84.1074167	
1.628733	83.8991654	83.8717972	-84.1696914	-84.1335966	
1.638814	83.9253226	83.8979771	-84.1958486	-84.1597765	
1.649515	83.9524408	83.9154304	-84.2229668	-84.1772298	
1.659683	83.9776019	83.9328837	-84.2481279	-84.2121364	
1.669447	84.0012254	83.9590637	-84.2717515	-84.2295897	
1.679572	84.0251279	83.976517	-84.295654	-84.2557696	
1.689682	84.0484202	84.0026969	-84.3189462	-84.2819496	
1.699917	84.0714137	84.0201502	-84.3419397	-84.2994029	
1.710014	84.0935024	84.0463301	-84.3640285	-84.3168562	
1.720143	84.1150866	84.0725101	-84.3856126	-84.3430361	
1.730331	84.1362066	84.09869	-84.4067326	-84.369216	
1.7404	84.1565077	84.1248699	-84.4270337	-84.3866693	
1.750757	84.1767938	84.1423232	-84.4473199	-84.4128493	
1.76076	84.1958029	84.1685032	-84.466329	-84.4390292	
1.770842	84.2144009	84.1859565	-84.4849269	-84.4564825	
1.781	84.232557	84.2121364	-84.5030831	-84.4739358	
1.791681	84.2512574	84.2208631	-84.5217835	-84.4913891	
1.80133	84.2671487	84.2383163	-84.5376748	-84.5088424	
1.811414	84.2834651	84.247043	-84.5539911	-84.517569	
1.823523	84.3021681	84.2644963	-84.5726942	-84.5350223	
1.833577	84.3171889	84.2732229	-84.5877149	-84.543749	
1.843866	84.3320767	84.2819496	-84.6026027	-84.5612023	
1.854912	84.347151	84.2819496	-84.617677	-84.5612023	
1.864051	84.3592895	84.2906762	-84.6298155	-84.5786556	
1.874168	84.3721398	84.2994029	-84.6426658	-84.5873822	
1.884318	84.3844795	84.3168562	-84.6550056	-84.5961088	
1.894385	84.3961639	84.3255828	-84.66669	-84.6048355	
1.90461	84.4074606	84.3517627	-84.6779866	-84.6222888	
1.914725	84.4180869	84.3604894	-84.688613	-84.6310154	
1.924817	84.4281473	84.3866693	-84.6986733	-84.6484687	
1.934957	84.4377109	84.4041226	-84.7082369	-84.665922	
1.945276	84.4468671	84.4215759	-84.7173931	-84.6833753	
1.956318	84.45601	84.4303026	-84.726536	-84.7008286	
1.965351	84.4631043	84.4390292	-84.7336303	-84.7095552	
1.975471	84.4705011	84.4477559	-84.7410271	-84.7182819	
1.985582	84.4773696	84.4477559	-84.7478957	-84.7270085	
1.99576	84.4837589	84.4477559	-84.7542849	-84.7357352	
2.005911	84.4896144	84.4477559	-84.7601404	-84.7357352	
2.016052	84.4949628	84.4477559	-84.7654889	-84.7357352	
2.026136	84.4997896	84.4477559	-84.7703156	-84.7357352	
2.036421	84.5042099	84.4477559	-84.774736	-84.7357352	
2.046629	84.5081168	84.4564825	-84.7786428	-84.7357352	
2.057594	84.5117572	84.4564825	-84.7822832	-84.7357352	
2.066656	84.5144493	84.4564825	-84.7849753	-84.7357352	
2.076799	84.5170113	84.4564825	-84.7875373	-84.7357352	
2.086916	84.5191644	84.4564825	-84.7896904	-84.7357352	
2.097035	84.5209401	84.4652092	-84.7914661	-84.7357352	
2.107181	84.5263104	84.4652092	-84.7968364	-84.7357352	
2.117353	84.5263104	84.4739358	-84.7968364	-84.7357352	
2.127474	84.5263104	84.4826624	-84.7968364	-84.7357352	
2.13778	84.5263104	84.4913891	-84.7968364	-84.7357352	
2.147675	84.5263104	84.4913891	-84.7968364	-84.7357352	
2.158932	84.5263104	84.4913891	-84.7968364	-84.7357352	
2.168134	84.5263104	84.4913891	-84.7968364	-84.7357352	
2.178286	84.5263104	84.4913891	-84.7968364	-84.7357352	
2.188429	84.5263104	84.4913891	-84.7968364	-84.7444618	
2.198534	84.5263104	84.4913891	-84.7968364	-84.7444618	
2.208715	84.5263104	84.4913891	-84.7968364	-84.7444618	
2.218862	84.5263104	84.4913891	-84.7968364	-84.7531885	
2.228997	84.5263104	84.4913891	-84.7968364	-84.7531885	
2.239147	84.5263104	84.4913891	-84.7968364	-84.7531885	
2.249266	84.5263104	84.4913891	-84.7968364	-84.7531885	
2.260276	84.5263104	84.4913891	-84.7968364	-84.7531885	
2.2696	84.5263104	84.4913891	-84.7968364	-84.7531885	
2.27971	84.5263104	84.4913891	-84.7968364	-84.7531885	
2.289861	84.5263104	84.4913891	-84.7968364	-84.7531885	
2.300024	84.5263104	84.4913891	-84.7968364	-84.7531885	
2.31017	84.5263104	84.4913891	-84.7968364	-84.7531885	
2.320284	84.5263104	84.4913891	-84.7968364	-84.7531885	
2.330514	84.5263104	84.4913891	-84.7968364	-84.7531885	
2.340583	84.5263104	84.4913891	-84.7968364	-84.7531885	
2.350702	84.5263104	84.4913891	-84.7968364	-84.7531885	
2.361612	84.5263104	84.4913891	-84.7968364	-84.7531885	
2.371159	84.5263104	84.4913891	-84.7968364	-84.7531885	
2.381341	84.5263104	84.4913891	-84.7968364	-84.7531885	
2.391453	84.5263104	84.4913891	-84.7968364	-84.7531885	
2.401567	84.5263104	84.4913891	-84.7968364	-84.7531885	
2.411754	84.5263104	84.4913891	-84.7968364	-84.7531885	
2.421852	84.5263104	84.4913891	-84.7968364	-84.7531885	
2.431997	84.5263104	84.4913891	-84.7968364	-84.7531885	
2.44214	84.5263104	84.4913891	-84.7968364	-84.7531885	
2.452278	84.5263104	84.4913891	-84.7968364	-84.7531885	
2.462902	84.5263104	84.4913891	-84.7968364	-84.7531885	
2.472533	84.5263104	84.4913891	-84.7968364	-84.7531885	
2.491852	84.5263104	84.4913891	-84.7968364	-84.7531885	
2.496191	84.5263104	84.4913891	-84.7968364	-84.7531885	
2.506646	84.5263104	84.4913891	-84.7968364	-84.7531885	
2.516462	84.5263104	84.4913891	-84.7968364	-84.7531885	
2.526625	84.5263104	84.4913891	-84.7968364	-84.7531885	
2.536725	84.5263104	84.4913891	-84.7968364	-84.7531885	
2.546859	84.5263104	84.4913891	-84.7968364	-84.7531885	
2.556983	84.5263104	84.4913891	-84.7968364	-84.7531885	
2.567149	84.5263104	84.4913891	-84.7968364	-84.7531885	
2.57746	84.5263104	84.4913891	-84.7968364	-84.7531885	
2.587465	84.5263104	84.4913891	-84.7968364	-84.7531885	
2.59753	84.5263104	84.4913891	-84.7968364	-84.7531885	
2.607993	84.5263104	84.4913891	-84.7968364	-84.7531885	
2.618067	84.5263104	84.4913891	-84.7968364	-84.7531885	
2.628238	84.5263104	84.4913891	-84.7968364	-84.7531885	
2.638375	84.5263104	84.4913891	-84.7968364	-84.7531885	
2.648647	84.5263104	84.4913891	-84.7968364	-84.7531885	
2.658689	84.5263104	84.4913891	-84.7968364	-84.7531885	
