0.03363745	0.00872664626	0.00872664626	0	0	
0.03841437	0.00893185188	0.00872664626	-0.000205205625	0	
0.04833021	0.0100992323	0.00872664626	-0.001372586	0	
0.05844504	0.0119119731	0.00872664626	-0.00318532688	-0.00872664626	
0.06867587	0.0143751359	0.00872664626	-0.0056484896	-0.0174532925	
0.07876971	0.0174127875	0.00872664626	-0.00868614124	-0.0174532925	
0.08886454	0.0210624347	0.0174532925	-0.0123357884	-0.0174532925	
0.09900138	0.0253470309	0.0174532925	-0.0166203846	-0.0174532925	
0.1094242	0.0304130492	0.0174532925	-0.0216864029	-0.0174532925	
0.119273	0.0357635267	0.0174532925	-0.0270368804	-0.0174532925	
0.1293689	0.0418657444	0.0174532925	-0.0331390981	-0.0174532925	
0.1395877	0.0486821556	0.0174532925	-0.0399555094	-0.0174532925	
0.1497275	0.0560485602	0.0174532925	-0.047321914	-0.0174532925	
0.1598354	0.064003915	0.0174532925	-0.0552772687	-0.0174532925	
0.1699162	0.0725510404	0.0174532925	-0.0638243942	-0.0261799388	
0.1883349	0.0906683845	0.034906585	-0.0819417382	-0.034906585	
0.1926568	0.0948499346	0.034906585	-0.0861232883	-0.034906585	
0.2028337	0.105486103	0.0436332313	-0.096759457	-0.0436332313	
0.2129365	0.116659259	0.0523598776	-0.107932613	-0.0523598776	
0.2230193	0.128418312	0.0610865238	-0.119691666	-0.0698131701	
0.2338622	0.141816389	0.0785398163	-0.133089743	-0.0872664626	
0.243425	0.154115712	0.0872664626	-0.145389065	-0.104719755	
0.2535768	0.167814253	0.104719755	-0.159087607	-0.122173048	
0.2636397	0.182002941	0.122173048	-0.173276295	-0.13962634	
0.2737395	0.19686311	0.130899694	-0.188136464	-0.165806279	
0.2838953	0.212420093	0.157079633	-0.203693447	-0.183259571	
0.2940362	0.228568874	0.165806279	-0.219842227	-0.200712864	
0.304217	0.245412985	0.183259571	-0.236686339	-0.218166156	
0.3143218	0.262729483	0.191986218	-0.254002837	-0.235619449	
0.3244547	0.280717879	0.20943951	-0.271991233	-0.253072742	
0.3350895	0.300309502	0.226892803	-0.291582856	-0.261799388	
0.3448094	0.318734362	0.244346095	-0.310007716	-0.27925268	
0.3549272	0.338537797	0.261799388	-0.329811151	-0.287979327	
0.365036	0.358944441	0.287979327	-0.350217795	-0.296705973	
0.3751209	0.379909984	0.305432619	-0.371183338	-0.305432619	
0.3852597	0.40161281	0.331612558	-0.392886163	-0.314159265	
0.3954625	0.424067946	0.366519143	-0.4153413	-0.331612558	
0.4056974	0.447236807	0.392699082	-0.43851016	-0.340339204	
0.4157612	0.470616765	0.41887902	-0.461890119	-0.357792497	
0.425846	0.494646607	0.445058959	-0.485919961	-0.383972435	
0.4363798	0.520459268	0.471238898	-0.511732622	-0.401425728	
0.4462337	0.5451268	0.506145483	-0.536400154	-0.427605667	
0.4562945	0.570933595	0.523598776	-0.562206949	-0.453785606	
0.4664294	0.597559224	0.549778714	-0.588832577	-0.488692191	
0.4766622	0.625087506	0.575958653	-0.61636086	-0.523598776	
0.486683	0.652614118	0.602138592	-0.643887472	-0.558505361	
0.4968109	0.681061596	0.628318531	-0.67233495	-0.593411946	
0.5069647	0.710213135	0.645771823	-0.701486489	-0.628318531	
0.5170775	0.739847536	0.680678408	-0.731120889	-0.663225116	
0.5271664	0.770042929	0.698131701	-0.761316283	-0.698131701	
0.5376162	0.801982241	0.72431164	-0.793255595	-0.72431164	
0.54755	0.832899837	0.750491578	-0.824173191	-0.759218225	
0.5576769	0.865029326	0.776671517	-0.85630268	-0.785398163	
0.5677547	0.897623755	0.802851456	-0.888897109	-0.820304748	
0.5778675	0.930959407	0.837758041	-0.922232761	-0.855211333	
0.5880874	0.96528481	0.872664626	-0.956558164	-0.881391272	
0.5981512	0.999668898	0.907571211	-0.990942252	-0.916297857	
0.608304	1.03498166	0.942477796	-1.02625501	-0.951204442	
0.6184009	1.07071676	0.986111027	-1.06199011	-0.994837674	
0.6285357	1.10719655	1.02974426	-1.0984699	-1.02974426	
0.6469934	1.17616911	1.06465084	-1.16744247	-1.09083078	
0.6513273	1.19226152	1.11701072	-1.18353487	-1.10828408	
0.6615112	1.23093383	1.16064395	-1.22220719	-1.15191731	
0.671613	1.26990443	1.20427718	-1.26117778	-1.18682389	
0.6817358	1.30957542	1.23918377	-1.30084878	-1.23045712	
0.6918997	1.35003226	1.282817	-1.34130561	-1.27409035	
0.7020145	1.39089005	1.32645023	-1.38216341	-1.31772359	
0.7121813	1.43261293	1.37008346	-1.42388629	-1.36135682	
0.7222722	1.47460358	1.41371669	-1.46587694	-1.3962634	
0.7324	1.51736888	1.44862328	-1.50864224	-1.43989663	
0.7430948	1.56326362	1.48352986	-1.55453697	-1.48352986	
0.7527247	1.60505949	1.5271631	-1.59633285	-1.5271631	
0.7628985	1.64989092	1.57079633	-1.64116427	-1.57079633	
0.7729873	1.69494699	1.6231562	-1.68622035	-1.60570291	
0.7830812	1.74063215	1.66678944	-1.7319055	-1.64933614	
0.793238	1.78725123	1.71914931	-1.77852458	-1.69296937	
0.8033798	1.83438551	1.76278254	-1.82565886	-1.74532925	
0.8136067	1.88256393	1.80641578	-1.87383728	-1.78896248	
0.8236465	1.93044621	1.85877565	-1.92171956	-1.83259571	
0.8337653	1.97933662	1.90240888	-1.97060997	-1.87622895	
0.8443472	2.03117048	1.95476876	-2.02244383	-1.92858882	
0.854091	2.07940188	2.00712864	-2.07067524	-1.97222205	
0.8642078	2.13012062	2.05076187	-2.12139397	-2.02458193	
0.8743297	2.18147401	2.11184839	-2.17274736	-2.07694181	
0.8844775	2.23358823	2.15548163	-2.22486158	-2.12930169	
0.8947923	2.28722479	2.21656815	-2.27849815	-2.18166156	
0.9047292	2.33944616	2.26020138	-2.33071952	-2.23402144	
0.914956	2.39384429	2.31256126	-2.38511765	-2.29510797	
0.9250338	2.44802762	2.36492114	-2.43930098	-2.34746784	
0.9351177	2.50287517	2.42600766	-2.49414852	-2.40855437	
0.9456355	2.56080551	2.47836754	-2.55207887	-2.46964089	
0.9555103	2.61569061	2.53072742	-2.60696396	-2.52200077	
0.9656752	2.67283367	2.59181394	-2.66410702	-2.58308729	
0.975752	2.73009986	2.64417382	-2.72137321	-2.64417382	
0.9858338	2.78801033	2.70526034	-2.77928369	-2.69653369	
0.9960567	2.84734443	2.76634686	-2.83861779	-2.75762022	
1.006144	2.90674533	2.82743339	-2.89801869	-2.81870674	
1.016318	2.96679768	2.87979327	-2.95807103	-2.87979327	
1.026441	3.02741138	2.94960644	-3.01868473	-2.94087979	
1.036848	3.09041498	3.01069296	-3.08168833	-3.00196631	
1.047974	3.15849287	3.07177948	-3.14976622	-3.07177948	
1.056881	3.21196776	3.12413936	-3.20324112	-3.12413936	
1.067023	3.27224061	3.19395253	-3.26351396	-3.17649924	
1.077106	3.33157564	3.2637657	-3.32284899	-3.24631241	
1.087183	3.39028138	3.32485223	-3.38155474	-3.30739893	
1.097376	3.44903416	3.38593875	-3.44030751	-3.36848546	
1.107481	3.50666825	3.44702527	-3.4979416	-3.42957198	
1.118528	3.56894748	3.51683844	-3.56022083	-3.49938515	
1.1366	3.66893888	3.57792497	-3.66021223	-3.60410491	
1.140987	3.69273085	3.65646478	-3.68400421	-3.63028484	
1.151189	3.74830657	3.71755131	-3.73957993	-3.69137137	
1.161336	3.8029613	3.78736448	-3.79423465	-3.75245789	
1.171464	3.85690983	3.83972435	-3.84818318	-3.80481777	
1.181617	3.91036801	3.90081088	-3.90164136	-3.86590429	
1.191748	3.96314269	3.9618974	-3.95441604	-3.91826417	
1.201859	4.01520129	4.00553063	-4.00647464	-3.97935069	
1.212	4.06679286	4.06661716	-4.05806622	-4.02298393	
1.222162	4.11789299	4.10152374	-4.10916634	-4.0753438	
1.232246	4.1679951	4.15388362	-4.15926845	-4.12770368	
1.242414	4.2179283	4.2062435	-4.20920165	-4.17133691	
1.252615	4.26741497	4.24115008	-4.25868832	-4.22369679	
1.262708	4.31573947	4.27605667	-4.30701282	-4.27605667	
1.272834	4.36364226	4.32841654	-4.35491561	-4.3196899	
1.28298	4.41103885	4.36332313	-4.4023122	-4.36332313	
1.293098	4.45769504	4.41568301	-4.44896839	-4.39822972	
1.313127	4.54714073	4.48549618	-4.53841409	-4.48549618	
1.317456	4.56654135	4.51167612	-4.55781471	-4.50294947	
1.327561	4.61109061	4.55530935	-4.60236396	-4.5465827	
1.337926	4.65617883	4.59021593	-4.64745218	-4.59021593	
1.349015	4.703662	4.63384916	-4.69493535	-4.63384916	
1.358296	4.74291666	4.6774824	-4.73419001	-4.66875575	
1.368379	4.78496742	4.71238898	-4.77624077	-4.71238898	
1.378521	4.82666059	4.75602221	-4.81793394	-4.75602221	
1.396649	4.89885318	4.79965544	-4.89012654	-4.82583538	
1.401015	4.91629303	4.84328867	-4.90756638	-4.84328867	
1.411145	4.95599396	4.88692191	-4.94726731	-4.87819526	
1.421376	4.99551859	4.93055514	-4.98679194	-4.91310184	
1.431414	5.03365554	4.97418837	-5.02492889	-4.95673508	
1.441505	5.07143239	5.00909495	-5.06270574	-4.99164166	
1.452821	5.11301125	5.06145483	-5.1042846	-5.03527489	
1.463002	5.14985363	5.09636142	-5.14112699	-5.07018148	
1.473138	5.18591518	5.131268	-5.17718853	-5.10508806	
1.483265	5.22135873	5.17490123	-5.21263209	-5.14872129	
1.493359	5.25608511	5.20980782	-5.24735846	-5.18362788	
1.503544	5.2905292	5.2447144	-5.28180255	-5.21853446	
1.513708	5.324306	5.28834763	-5.31557936	-5.26216769	
1.523838	5.35738768	5.32325422	-5.34866103	-5.29707428	
1.53394	5.38975183	5.34943416	-5.38102518	-5.33198086	
1.544064	5.42161372	5.38434074	-5.41288707	-5.36688745	
1.554294	5.45319957	5.41052068	-5.44447292	-5.41052068	
1.564478	5.48405007	5.44542727	-5.47532343	-5.43670062	
1.574542	5.51393419	5.47160721	-5.50520754	-5.47160721	
1.584645	5.54335756	5.49778714	-5.53463091	-5.49778714	
1.594794	5.57231293	5.52396708	-5.56358629	-5.53269373	
1.60494	5.60066585	5.55014702	-5.59193921	-5.55887367	
1.615053	5.62833791	5.56760031	-5.61961126	-5.58505361	
1.625183	5.65547788	5.6025069	-5.64675124	-5.61123355	
1.635376	5.68217109	5.61996019	-5.67344445	-5.63741348	
1.645452	5.7079802	5.63741348	-5.69925355	-5.65486678	
1.655699	5.73362657	5.66359342	-5.72489992	-5.68104672	
1.665861	5.75846529	5.68104672	-5.74973864	-5.69850001	
1.675951	5.78254434	5.70722665	-5.7738177	-5.7159533	
1.686062	5.80609006	5.73340659	-5.79736341	-5.73340659	
1.696373	5.82984083	5.75085989	-5.82111418	-5.75085989	
1.70635	5.85156787	5.77703982	-5.84284123	-5.76831318	
1.716526	5.87349102	5.79449312	-5.86476437	-5.78576647	
1.726559	5.89454115	5.81194641	-5.8858145	-5.79449312	
1.736767	5.91535686	5.83812635	-5.90663022	-5.81194641	
1.746863	5.93538032	5.85557964	-5.92665367	-5.8293997	
1.757083	5.95504434	5.88175958	-5.94631769	-5.84685299	
1.767165	5.97386649	5.89921287	-5.96513984	-5.87303293	
1.777363	5.9923237	5.91666616	-5.98359705	-5.89048623	
1.787451	6.01000469	5.93411946	-6.00127804	-5.90793952	
1.797901	6.02770223	5.95157275	-6.01897559	-5.93411946	
1.807656	6.04370033	5.96902604	-6.03497368	-5.95157275	
1.817775	6.05971692	5.98647933	-6.05099027	-5.96902604	
1.827909	6.07518206	6.00393263	-6.06645542	-5.99520598	
1.838038	6.09007142	6.02138592	-6.08134477	-6.01265927	
1.848169	6.10439778	6.03011257	-6.09567114	-6.03011257	
1.858367	6.11823467	6.04756586	-6.10950802	-6.03883921	
1.868556	6.13148722	6.0562925	-6.12276057	-6.0562925	
1.878695	6.14411263	6.0737458	-6.13538598	-6.0737458	
1.88878	6.1561135	6.09119909	-6.14738686	-6.08247244	
1.899248	6.16796656	6.09119909	-6.15923991	-6.09119909	
1.909006	6.17851236	6.10865238	-6.16978572	-6.10865238	
1.919133	6.18889771	6.12610567	-6.18017107	-6.11737903	
1.929246	6.19872212	6.12610567	-6.18999548	-6.12610567	
1.939373	6.20801183	6.14355897	-6.19928519	-6.14355897	
1.949565	6.21681152	6.15228561	-6.20808487	-6.14355897	
1.95974	6.22504816	6.16101226	-6.21632151	-6.16101226	
1.969899	6.23273551	6.16101226	-6.22400886	-6.16101226	
1.979954	6.23982596	6.16973891	-6.23109931	-6.16973891	
1.998059	6.25054316	6.17846555	-6.24181652	-6.17846555	
2.002375	6.25315768	6.17846555	-6.24443103	-6.17846555	
2.012546	6.258672	6.17846555	-6.24994535	-6.17846555	
2.022648	6.2636605	6.1871922	-6.25493385	-6.17846555	
2.032742	6.26816513	6.1871922	-6.25943848	-6.17846555	
2.042986	6.27225181	6.1871922	-6.26352517	-6.17846555	
2.053051	6.27581582	6.1871922	-6.26708918	-6.17846555	
2.063266	6.27897731	6.1871922	-6.27025066	-6.17846555	
2.073374	6.28167852	6.1871922	-6.27295187	-6.17846555	
2.083488	6.28397576	6.1871922	-6.27524912	-6.17846555	
2.093618	6.28589123	6.1871922	-6.27716458	-6.17846555	
2.103765	6.28745122	6.1871922	-6.27872457	-6.17846555	
2.113927	6.29192665	6.19591884	-6.2832	-6.17846555	
2.124049	6.29192665	6.19591884	-6.2832	-6.17846555	
2.134138	6.29192665	6.19591884	-6.2832	-6.17846555	
2.144291	6.29192665	6.19591884	-6.2832	-6.17846555	
2.154442	6.29192665	6.19591884	-6.2832	-6.17846555	
2.16469	6.29192665	6.20464549	-6.2832	-6.1871922	
2.174742	6.29192665	6.20464549	-6.2832	-6.1871922	
2.184838	6.29192665	6.20464549	-6.2832	-6.19591884	
2.195071	6.29192665	6.21337214	-6.2832	-6.19591884	
2.205112	6.29192665	6.21337214	-6.2832	-6.19591884	
2.215285	6.29192665	6.21337214	-6.2832	-6.20464549	
2.225402	6.29192665	6.21337214	-6.2832	-6.20464549	
2.235549	6.29192665	6.21337214	-6.2832	-6.21337214	
2.24578	6.29192665	6.21337214	-6.2832	-6.21337214	
2.255797	6.29192665	6.21337214	-6.2832	-6.21337214	
2.266035	6.29192665	6.21337214	-6.2832	-6.21337214	
2.276152	6.29192665	6.21337214	-6.2832	-6.21337214	
2.286268	6.29192665	6.21337214	-6.2832	-6.21337214	
2.29642	6.29192665	6.21337214	-6.2832	-6.21337214	
2.306658	6.29192665	6.21337214	-6.2832	-6.21337214	
2.316723	6.29192665	6.21337214	-6.2832	-6.21337214	
2.326793	6.29192665	6.21337214	-6.2832	-6.21337214	
2.336927	6.29192665	6.21337214	-6.2832	-6.21337214	
2.347087	6.29192665	6.21337214	-6.2832	-6.21337214	
2.357147	6.29192665	6.21337214	-6.2832	-6.21337214	
2.367385	6.29192665	6.20464549	-6.2832	-6.21337214	
2.377459	6.29192665	6.21337214	-6.2832	-6.21337214	
2.387647	6.29192665	6.21337214	-6.2832	-6.21337214	
2.397783	6.29192665	6.21337214	-6.2832	-6.21337214	
2.408409	6.29192665	6.21337214	-6.2832	-6.21337214	
2.417963	6.29192665	6.21337214	-6.2832	-6.21337214	
2.428093	6.29192665	6.21337214	-6.2832	-6.21337214	
2.438225	6.29192665	6.21337214	-6.2832	-6.21337214	
2.44835	6.29192665	6.21337214	-6.2832	-6.21337214	
2.458489	6.29192665	6.21337214	-6.2832	-6.21337214	
2.469135	6.29192665	6.21337214	-6.2832	-6.21337214	
2.478819	6.29192665	6.21337214	-6.2832	-6.21337214	
2.488921	6.29192665	6.21337214	-6.2832	-6.21337214	
2.499068	6.29192665	6.21337214	-6.2832	-6.21337214	
2.509458	6.29192665	6.21337214	-6.2832	-6.21337214	
2.51931	6.29192665	6.21337214	-6.2832	-6.21337214	
2.529401	6.29192665	6.21337214	-6.2832	-6.21337214	
2.539758	6.29192665	6.21337214	-6.2832	-6.21337214	
2.54972	6.29192665	6.21337214	-6.2832	-6.21337214	
2.559816	6.29192665	6.21337214	-6.2832	-6.21337214	
2.570306	6.29192665	6.21337214	-6.2832	-6.21337214	
2.580154	6.29192665	6.21337214	-6.2832	-6.21337214	
2.590346	6.29192665	6.21337214	-6.2832	-6.21337214	
2.600435	6.29192665	6.21337214	-6.2832	-6.21337214	
2.610735	6.29192665	6.21337214	-6.2832	-6.21337214	
2.620855	6.29192665	6.21337214	-6.2832	-6.21337214	
2.631001	6.29192665	6.21337214	-6.2832	-6.21337214	
2.641137	6.29192665	6.21337214	-6.2832	-6.21337214	
2.651529	6.29192665	6.21337214	-6.2832	-6.21337214	
2.661418	6.29192665	6.21337214	-6.2832	-6.21337214	
