0.03313751	31.1366739	31.1366739	-31.2413936	-31.2413936	
0.03772545	31.1368622	31.1366739	-31.241582	-31.2413936	
0.0479583	31.1380866	31.1366739	-31.2428064	-31.2413936	
0.05818115	31.1399358	31.1366739	-31.2446556	-31.2413936	
0.068189	31.1423386	31.1454005	-31.2470584	-31.2413936	
0.07829985	31.1453847	31.1454005	-31.2501045	-31.2413936	
0.0884987	31.1490834	31.1541271	-31.2538031	-31.2413936	
0.09853456	31.1533237	31.1541271	-31.2580435	-31.2413936	
0.1087024	31.1582484	31.1541271	-31.2629682	-31.2413936	
0.1189063	31.163808	31.1541271	-31.2685277	-31.2413936	
0.1289471	31.169878	31.1541271	-31.2745977	-31.2413936	
0.139195	31.1767188	31.1541271	-31.2814385	-31.2413936	
0.1492538	31.1840227	31.1541271	-31.2887424	-31.2413936	
0.1594237	31.1920424	31.1541271	-31.2967622	-31.2413936	
0.1695805	31.2006655	31.1541271	-31.3053852	-31.2413936	
0.1797034	31.2098714	31.1541271	-31.3145911	-31.2501203	
0.1898812	31.2197533	31.1541271	-31.3244731	-31.2501203	
0.1999931	31.2301816	31.1541271	-31.3349013	-31.2501203	
0.2101199	31.2412422	31.1541271	-31.3459619	-31.2588469	
0.2202558	31.2529293	31.1541271	-31.3576491	-31.2675735	
0.2303956	31.2652394	31.1628538	-31.3699592	-31.2763002	
0.2406495	31.2783292	31.1715804	-31.383049	-31.2850268	
0.2507353	31.2917907	31.1890337	-31.3965105	-31.2937535	
0.2608682	31.3059464	31.1977604	-31.4106662	-31.3112068	
0.271045	31.3207835	31.2239403	-31.4255032	-31.3199334	
0.2811809	31.3361776	31.232667	-31.4408973	-31.3373867	
0.2912567	31.3520813	31.2588469	-31.4568011	-31.35484	
0.3014296	31.3687704	31.2850268	-31.4734901	-31.38102	
0.3115704	31.3860197	31.3024801	-31.4907395	-31.3984732	
0.3217033	31.4038675	31.3286601	-31.5085873	-31.4159265	
0.3318331	31.4223331	31.3635667	-31.5270529	-31.4421065	
0.342416	31.4426085	31.38102	-31.5473283	-31.4682864	
0.3521398	31.4611996	31.4071999	-31.5659194	-31.4857397	
0.3622367	31.4814401	31.4333798	-31.5861598	-31.5119196	
0.3825034	31.5251659	31.4770131	-31.6298857	-31.5642795	
0.3868703	31.5344783	31.4944664	-31.6391981	-31.5817328	
0.3969882	31.5568755	31.5119196	-31.6615953	-31.6079128	
0.407149	31.5799888	31.5380996	-31.6847085	-31.6428193	
0.4173139	31.6037459	31.5555529	-31.7084657	-31.6689993	
0.4278677	31.6290607	31.5817328	-31.7337804	-31.6951792	
0.4384726	31.6551888	31.6079128	-31.7599086	-31.7300858	
0.4487044	31.6810226	31.6428193	-31.7857423	-31.7562657	
0.4588043	31.7071129	31.6602726	-31.8118326	-31.7824457	
0.4688911	31.7337819	31.6864526	-31.8385016	-31.799899	
0.479368	31.762164	31.7126325	-31.8668838	-31.8348056	
0.4894548	31.7900914	31.7475391	-31.8948112	-31.8522588	
0.4996127	31.8188222	31.7824457	-31.923542	-31.8697121	
0.5097315	31.8480675	31.799899	-31.9527872	-31.9046187	
0.5200224	31.8784567	31.8348056	-31.9831765	-31.922072	
0.5301702	31.9090191	31.8522588	-32.0137389	-31.948252	
0.5403221	31.9402275	31.8871654	-32.0449472	-31.9744319	
0.5504829	31.9720835	31.922072	-32.0768033	-32.0093385	
0.5606388	32.0045264	31.948252	-32.1092462	-32.0442451	
0.5710646	32.0385091	31.9744319	-32.1432288	-32.070425	
0.5808475	32.0709418	32.0006118	-32.1756615	-32.0966049	
0.5910473	32.1053974	32.0355184	-32.2101171	-32.1315115	
0.6011192	32.1400148	32.0616984	-32.2447345	-32.1664181	
0.611298	32.1756354	32.0966049	-32.2803552	-32.2013247	
0.6214249	32.2116842	32.1402382	-32.316404	-32.2362313	
0.6315487	32.2483408	32.1838714	-32.3530605	-32.2711379	
0.6417206	32.2858236	32.2275046	-32.3905434	-32.3147711	
0.6518964	32.3238899	32.2711379	-32.4286097	-32.3584043	
0.6620273	32.362421	32.3147711	-32.4671407	-32.4020376	
0.6721731	32.4016468	32.3584043	-32.5063666	-32.4543974	
0.682268	32.4412459	32.4107642	-32.5459656	-32.4980307	
0.6924248	32.4817369	32.4456708	-32.5864567	-32.5503905	
0.7025677	32.5227809	32.4980307	-32.6275006	-32.6027504	
0.7127505	32.5646141	32.5416639	-32.6693339	-32.6463837	
0.7228444	32.6066862	32.5852971	-32.7114059	-32.6987435	
0.7329402	32.6493867	32.6202037	-32.7541064	-32.7423768	
0.7432151	32.6934921	32.663837	-32.7982118	-32.7947366	
0.7533319	32.7375114	32.7161968	-32.8422311	-32.8383699	
0.7634368	32.7820816	32.7598301	-32.8868014	-32.8820031	
0.7735826	32.827465	32.7947366	-32.9321847	-32.934363	
0.7837165	32.8734151	32.8383699	-32.9781349	-32.9692696	
0.7939034	32.9202252	32.8820031	-33.024945	-33.0216294	
0.8039982	32.9672308	32.9256363	-33.0719505	-33.056536	
0.8141321	33.0150259	32.9692696	-33.1197456	-33.1001693	
0.8242209	33.0631938	33.0129028	-33.1679135	-33.1438025	
0.8344228	33.1125781	33.0652627	-33.2172978	-33.1787091	
0.8445536	33.1622032	33.1088959	-33.2669229	-33.231069	
0.8548915	33.2135	33.1612558	-33.3182198	-33.2659755	
0.8649973	33.2642414	33.2136157	-33.3689612	-33.3183354	
0.8751112	33.3156265	33.2572489	-33.4203463	-33.3619687	
0.885344	33.3682898	33.3096088	-33.4730096	-33.4056019	
0.8954349	33.4207718	33.353242	-33.5254915	-33.4492351	
0.9055297	33.4739175	33.4056019	-33.5786372	-33.501595	
0.9156436	33.5277884	33.4579618	-33.6325082	-33.5452282	
0.9257814	33.5823829	33.5103216	-33.6871026	-33.5975881	
0.9358613	33.6373113	33.5626815	-33.7420311	-33.649948	
0.9462111	33.6943285	33.623768	-33.7990483	-33.7023079	
0.95629	33.7504368	33.6761279	-33.8551566	-33.7546677	
0.9663918	33.8073144	33.7372144	-33.9120341	-33.8157543	
0.9765717	33.8652438	33.798301	-33.9699635	-33.8768408	
0.9866975	33.9234968	33.8593875	-34.0282166	-33.946654	
0.9968014	33.9822059	33.920474	-34.0869257	-34.0077405	
1.006917	34.0416227	33.9815605	-34.1463424	-34.0775536	
1.017066	34.1018403	34.0513737	-34.20656	-34.1473668	
1.027148	34.1622863	34.1211869	-34.2670061	-34.2259066	
1.045457	34.2745296	34.1822734	-34.3792494	-34.3568063	
1.050123	34.3030663	34.2608132	-34.4077861	-34.3917129	
1.060001	34.362425	34.3306264	-34.4671448	-34.4702527	
1.070133	34.4227323	34.4004396	-34.5274521	-34.5400659	
1.080244	34.4822991	34.4702527	-34.5870189	-34.6186057	
1.090436	34.5417323	34.5400659	-34.6464521	-34.6884189	
1.100566	34.600182	34.6098791	-34.7049018	-34.7582321	
1.110695	34.6580196	34.6796922	-34.7627394	-34.8193186	
1.120878	34.7155455	34.7495054	-34.8202652	-34.8804051	
1.130939	34.7717766	34.8193186	-34.8764963	-34.9414916	
1.141109	34.828008	34.8804051	-34.9327278	-35.0025781	
1.151372	34.8841605	34.932765	-34.9888802	-35.054938	
1.161444	34.9385892	34.9938515	-35.043309	-35.1072979	
1.171572	34.9927298	35.0374847	-35.0974496	-35.1596578	
1.181676	35.0461611	35.0985713	-35.1508809	-35.203291	
1.191934	35.0997802	35.1334778	-35.2045	-35.2556509	
1.202104	35.1523007	35.1858377	-35.2570205	-35.3080108	
1.212194	35.2038098	35.2381976	-35.3085295	-35.351644	
1.222351	35.2550501	35.2818308	-35.3597699	-35.3952772	
1.232518	35.3057209	35.3254641	-35.4104407	-35.4389105	
1.242595	35.355347	35.3778239	-35.4600667	-35.4825437	
1.252832	35.4051713	35.4127305	-35.5098911	-35.5261769	
1.262929	35.4536556	35.4650904	-35.5583754	-35.5698102	
1.273068	35.5017395	35.5174503	-35.6064593	-35.6047167	
1.28316	35.5490065	35.5523569	-35.6537262	-35.6396233	
1.293323	35.5959951	35.6047167	-35.7007149	-35.6832566	
1.30349	35.6423707	35.64835	-35.7470904	-35.7181631	
1.313618	35.6879745	35.6919832	-35.7926942	-35.7617964	
1.323748	35.7329786	35.7268898	-35.8376984	-35.8054296	
1.333852	35.7772714	35.7617964	-35.8819912	-35.8403362	
1.344024	35.8212425	35.796703	-35.9259623	-35.8839694	
1.354416	35.8655429	35.8403362	-35.9702627	-35.9276027	
1.364301	35.9070612	35.8839694	-36.011781	-35.9712359	
1.374411	35.9489306	35.918876	-36.0536503	-36.0148691	
1.384599	35.9905229	35.9625092	-36.0952426	-36.0585023	
1.394658	36.030986	36.0061425	-36.1357058	-36.1108622	
1.404846	36.0713586	36.0497757	-36.1760783	-36.1544955	
1.41498	36.1109118	36.0934089	-36.2156315	-36.1981287	
1.425106	36.1498208	36.1457688	-36.2545405	-36.2504886	
1.43524	36.1881542	36.1806754	-36.2928739	-36.3028484	
1.445381	36.225929	36.2330353	-36.3306487	-36.337755	
1.455843	36.26425	36.2766685	-36.3689698	-36.3901149	
1.465692	36.2997163	36.3203017	-36.404436	-36.4250215	
1.475793	36.3355075	36.3552083	-36.4402273	-36.4686547	
1.485901	36.3707254	36.3988416	-36.4754452	-36.5035613	
1.496434	36.4067784	36.4424748	-36.5114981	-36.5471945	
1.50624	36.4397663	36.4773814	-36.544486	-36.5821011	
1.516375	36.473284	36.512288	-36.5780038	-36.6082811	
1.526507	36.50616	36.5384679	-36.6108797	-36.6431876	
1.536662	36.5385081	36.5646478	-36.6432278	-36.6780942	
1.546735	36.5700207	36.5995544	-36.6747405	-36.7042742	
1.556977	36.6014504	36.6257344	-36.7061702	-36.7304541	
1.567046	36.6317135	36.6519143	-36.7364332	-36.756634	
1.577163	36.6615445	36.6693676	-36.7662642	-36.7740873	
1.587338	36.6909508	36.7042742	-36.7956705	-36.8002673	
1.597885	36.7207592	36.7304541	-36.825479	-36.8177206	
1.607617	36.7477399	36.7479074	-36.8524597	-36.8351739	
1.61773	36.7751637	36.7740873	-36.8798835	-36.8613538	
1.627829	36.8019585	36.7915406	-36.9066782	-36.8788071	
1.637929	36.8281546	36.8089939	-36.9328743	-36.8962604	
1.648193	36.8541762	36.8351739	-36.9588959	-36.9137137	
1.658309	36.8792203	36.8526272	-36.98394	-36.931167	
1.668459	36.90375	36.8788071	-37.0084698	-36.9573469	
1.67856	36.9275762	36.8875337	-37.032296	-36.9748002	
1.688754	36.951013	36.9137137	-37.0557328	-37.0009801	
1.707149	36.9909221	36.9486203	-37.0956419	-37.0446134	
1.711542	37.0005121	36.9486203	-37.1052318	-37.05334	
1.721662	37.0218589	36.9748002	-37.1265786	-37.07952	
1.731759	37.0425785	36.9922535	-37.1472982	-37.1056999	
1.741874	37.0627458	37.0184334	-37.1674655	-37.1318798	
1.752714	37.0836818	37.05334	-37.1884016	-37.1580598	
1.762439	37.1019311	37.0707933	-37.2066508	-37.1755131	
1.77236	37.1199801	37.0969733	-37.2246999	-37.201693	
1.782516	37.1378704	37.1231532	-37.2425901	-37.2278729	
1.792672	37.1551766	37.1580598	-37.2598963	-37.2540529	
1.802814	37.1718765	37.1755131	-37.2765962	-37.2802328	
1.812918	37.1879378	37.201693	-37.2926576	-37.3064128	
1.823058	37.2034757	37.2278729	-37.3081955	-37.3325927	
1.83321	37.2184536	37.2453262	-37.3231733	-37.350046	
1.843303	37.2327696	37.2627795	-37.3374894	-37.3762259	
1.853958	37.2472499	37.2802328	-37.3519697	-37.3936792	
1.871821	37.2693621	37.2976861	-37.3740819	-37.4198592	
1.876201	37.2748372	37.2976861	-37.3795569	-37.4198592	
1.886317	37.2867785	37.3151394	-37.3914983	-37.4285858	
1.89668	37.2984177	37.3151394	-37.4031374	-37.4373125	
1.906633	37.3090632	37.3325927	-37.413783	-37.4373125	
1.916734	37.3193096	37.3325927	-37.4240294	-37.4460391	
1.926854	37.3290272	37.3325927	-37.433747	-37.4460391	
1.937009	37.3382248	37.3325927	-37.4429446	-37.4460391	
1.947117	37.3468399	37.3325927	-37.4515596	-37.4460391	
1.958238	37.3556388	37.3325927	-37.4603586	-37.4460391	
1.975585	37.3675017	37.3413193	-37.4722214	-37.4460391	
1.97995	37.370537	37.3413193	-37.4752567	-37.4460391	
1.990117	37.3769404	37.3413193	-37.4816602	-37.4460391	
2.000219	37.382798	37.350046	-37.4875177	-37.4460391	
2.010407	37.3881955	37.350046	-37.4929153	-37.4547657	
2.020526	37.393063	37.3587726	-37.4977827	-37.4547657	
2.030665	37.3974538	37.3674993	-37.5021735	-37.4634924	
2.040809	37.4013725	37.3762259	-37.5060923	-37.472219	
2.051126	37.404878	37.3849526	-37.5095978	-37.4809457	
2.061139	37.4078532	37.4024059	-37.512573	-37.4896723	
2.071344	37.4104478	37.4024059	-37.5151675	-37.5071256	
2.081424	37.4126129	37.4024059	-37.5173326	-37.5071256	
2.09155	37.4144086	37.4024059	-37.5191283	-37.5158523	
2.101645	37.4198739	37.4024059	-37.5245936	-37.5245789	
2.111855	37.4198739	37.4024059	-37.5245936	-37.5245789	
2.12201	37.4198739	37.4024059	-37.5245936	-37.5245789	
2.132125	37.4198739	37.4024059	-37.5245936	-37.5158523	
2.142263	37.4198739	37.4024059	-37.5245936	-37.5071256	
2.152375	37.4198739	37.4024059	-37.5245936	-37.5071256	
