0.03311745	297.343018	297.343018	-316.829619	-316.829619	
0.03814137	297.343245	297.343018	-316.829846	-316.829619	
0.0478932	297.344395	297.343018	-316.830996	-316.829619	
0.05851703	297.346352	297.343018	-316.832953	-316.829619	
0.06823686	297.348682	297.351745	-316.835283	-316.829619	
0.07843169	297.351765	297.351745	-316.838366	-316.838346	
0.08947051	297.355862	297.351745	-316.842463	-316.838346	
0.1005913	297.360735	297.351745	-316.847336	-316.847072	
0.1123761	297.366755	297.351745	-316.853356	-316.847072	
0.1235239	297.373173	297.360471	-316.859774	-316.847072	
0.1347538	297.380401	297.360471	-316.867002	-316.847072	
0.1459106	297.388322	297.360471	-316.874924	-316.847072	
0.1573564	297.397251	297.360471	-316.883852	-316.847072	
0.1683462	297.406526	297.360471	-316.893127	-316.847072	
0.179539	297.416735	297.360471	-316.903336	-316.847072	
0.1906948	297.427655	297.360471	-316.914256	-316.847072	
0.2019256	297.439407	297.360471	-316.926008	-316.847072	
0.2131425	297.451901	297.369198	-316.938502	-316.847072	
0.2246613	297.465535	297.369198	-316.952136	-316.847072	
0.2361531	297.47994	297.369198	-316.966541	-316.847072	
0.2473429	297.494691	297.369198	-316.981292	-316.847072	
0.2587347	297.510502	297.369198	-316.997103	-316.855799	
0.2697135	297.526451	297.377925	-317.013052	-316.864526	
0.2809753	297.543575	297.386651	-317.030176	-316.873252	
0.2921161	297.561258	297.386651	-317.047859	-316.881979	
0.303286	297.579737	297.404105	-317.066338	-316.908159	
0.3144858	297.599019	297.421558	-317.08562	-316.925612	
0.3258336	297.619354	297.447738	-317.105955	-316.951792	
0.3371174	297.640304	297.465191	-317.126905	-316.969245	
0.3482662	297.661758	297.491371	-317.148359	-316.995425	
0.360096	297.68539	297.526278	-317.171992	-317.021605	
0.3706208	297.707023	297.561184	-317.193624	-317.047785	
0.3819486	297.731121	297.587364	-317.217722	-317.073965	
0.3930835	297.75554	297.613544	-317.242141	-317.108872	
0.4045433	297.781486	297.648451	-317.268087	-317.143778	
0.4157851	297.807662	297.683357	-317.294264	-317.169958	
0.4273789	297.835502	297.72699	-317.322103	-317.204865	
0.4383887	297.862627	297.770624	-317.349228	-317.248498	
0.4495095	297.890774	297.80553	-317.377375	-317.283405	
0.4607063	297.919889	297.840437	-317.40649	-317.327038	
0.4723281	297.950926	297.88407	-317.437527	-317.370671	
0.483468	297.98138	297.927703	-317.467981	-317.414304	
0.4946708	298.012783	297.971337	-317.499384	-317.457938	
0.5058116	298.04475	298.01497	-317.531351	-317.492844	
0.5170774	298.077847	298.049876	-317.564448	-317.536477	
0.5284442	298.112834	298.09351	-317.599435	-317.580111	
0.53962	298.146476	298.137143	-317.633077	-317.615017	
0.5597557	298.21121	298.215683	-317.697811	-317.693557	
0.5641556	298.225265	298.233136	-317.711866	-317.71101	
0.5746804	298.259813	298.268043	-317.746414	-317.745917	
0.5848643	298.293821	298.311676	-317.780422	-317.78955	
0.5962841	298.33281	298.346582	-317.819411	-317.824457	
0.6073679	298.371375	298.390216	-317.857976	-317.859363	
0.6184187	298.410528	298.425122	-317.89713	-317.89427	
0.6299325	298.452182	298.460029	-317.938783	-317.929177	
0.6409663	298.492763	298.494935	-317.979364	-317.964083	
0.6520991	298.534484	298.521115	-318.021085	-317.99899	
0.663282	298.577138	298.556022	-318.063739	-318.033896	
0.6744078	298.620315	298.590928	-318.106916	-318.07753	
0.6855786	298.664424	298.617108	-318.151025	-318.112436	
0.6968324	298.70962	298.652015	-318.196221	-318.156069	
0.7081602	298.755894	298.686922	-318.242495	-318.190976	
0.71914	298.801451	298.721828	-318.288052	-318.225883	
0.7400457	298.891444	298.800368	-318.378045	-318.304422	
0.7446826	298.911293	298.817821	-318.397894	-318.313149	
0.7685292	299.018246	298.913814	-318.504847	-318.417869	
0.7733161	299.039561	298.931268	-318.526162	-318.435322	
0.783405	299.085293	298.974901	-318.571894	-318.478955	
0.7934238	299.131299	299.027261	-318.6179	-318.522588	
0.8033866	299.177604	299.079621	-318.664205	-318.574948	
0.8136385	299.225944	299.13198	-318.712546	-318.627308	
0.8244893	299.27782	299.18434	-318.764421	-318.679668	
0.8358811	299.333104	299.245427	-318.819706	-318.740755	
0.8470279	299.387888	299.306513	-318.874489	-318.801841	
0.8585207	299.445202	299.376327	-318.931803	-318.862928	
0.8779534	299.544851	299.437413	-319.031452	-318.967647	
0.8823393	299.567226	299.515953	-319.053827	-318.993827	
0.8925271	299.620092	299.577039	-319.106693	-319.063641	
0.903166	299.675964	299.646853	-319.162565	-319.116	
0.9228496	299.782224	299.716666	-319.268825	-319.238173	
0.9272806	299.806033	299.795206	-319.292634	-319.264353	
0.9374644	299.861625	299.865019	-319.348226	-319.32544	
0.9480152	299.919855	299.934832	-319.406456	-319.395253	
0.959154	299.982117	300.004645	-319.468719	-319.465066	
0.9703188	300.045257	300.083185	-319.531858	-319.534879	
0.9815927	300.109802	300.152998	-319.596403	-319.604693	
0.9928495	300.174998	300.222811	-319.661599	-319.674506	
1.004006	300.24037	300.292624	-319.726971	-319.744319	
1.015197	300.306688	300.362438	-319.793289	-319.814132	
1.026364	300.373599	300.423524	-319.8602	-319.883945	
1.037576	300.441553	300.493337	-319.928155	-319.953758	
1.048784	300.510231	300.56315	-319.996832	-320.023572	
1.060127	300.578223	300.61551	-320.064824	-320.093385	
1.071225	300.643979	300.676597	-320.13058	-320.163198	
1.082414	300.709544	300.737683	-320.196145	-320.224285	
1.093606	300.774403	300.807497	-320.261004	-320.294098	
1.104866	300.838866	300.868583	-320.325467	-320.363911	
1.116036	300.902102	300.920943	-320.388703	-320.424997	
1.12721	300.964611	300.98203	-320.451213	-320.486084	
1.138411	301.026514	301.043116	-320.513115	-320.54717	
1.149599	301.087601	301.104203	-320.574203	-320.608257	
1.170599	301.199065	301.200196	-320.685666	-320.721703	
1.174985	301.222405	301.226376	-320.709006	-320.747883	
1.185165	301.275888	301.287462	-320.76249	-320.800243	
1.19533	301.32867	301.331095	-320.815271	-320.852603	
1.205545	301.381075	301.392182	-320.867676	-320.896236	
1.216816	301.438115	301.444542	-320.924716	-320.957323	
1.228043	301.494196	301.505628	-320.980798	-321.009683	
1.239175	301.549072	301.557988	-321.035673	-321.062043	
1.250327	301.603312	301.610348	-321.089913	-321.123129	
1.26198	301.659149	301.680161	-321.14575	-321.175489	
1.27316	301.711994	301.723794	-321.198595	-321.227849	
1.284352	301.764173	301.784881	-321.250774	-321.271482	
1.295527	301.815525	301.828514	-321.302126	-321.323842	
1.306678	301.866023	301.889601	-321.352624	-321.376202	
1.318049	301.916777	301.933234	-321.403378	-321.419835	
1.329125	301.965456	301.985594	-321.452057	-321.472195	
1.340316	302.013927	302.029227	-321.500528	-321.524555	
1.351544	302.061796	302.090314	-321.548397	-321.568188	
1.362869	302.109339	302.133947	-321.59594	-321.611821	
1.373927	302.155033	302.17758	-321.641634	-321.664181	
1.385145	302.200657	302.22994	-321.687258	-321.707814	
1.396279	302.245188	302.273573	-321.731789	-321.751448	
1.407488	302.289308	302.30848	-321.775909	-321.795081	
1.418639	302.332424	302.36084	-321.819025	-321.838714	
1.429832	302.375002	302.404473	-321.861603	-321.882347	
1.441143	302.417254	302.448106	-321.903855	-321.925981	
1.452569	302.459194	302.483013	-321.945795	-321.960887	
1.463765	302.499519	302.535373	-321.98612	-322.00452	
1.474879	302.538848	302.570279	-322.025449	-322.048154	
1.486454	302.57903	302.613912	-322.065632	-322.08306	
1.497536	302.616752	302.648819	-322.103353	-322.117967	
1.50878	302.654317	302.683726	-322.140918	-322.152873	
1.519952	302.69089	302.718632	-322.177491	-322.18778	
1.531139	302.726788	302.744812	-322.213389	-322.222687	
1.542402	302.762195	302.779719	-322.248796	-322.257593	
1.553787	302.797234	302.805899	-322.283835	-322.2925	
1.564864	302.830593	302.840805	-322.317194	-322.327406	
1.576041	302.863523	302.866985	-322.350124	-322.353586	
1.58716	302.895582	302.901892	-322.382183	-322.379766	
1.598409	302.927271	302.928072	-322.413872	-322.397219	
1.609951	302.959004	302.954252	-322.445605	-322.432126	
1.620623	302.987714	302.971705	-322.474315	-322.449579	
1.632236	303.018139	303.006611	-322.504741	-322.475759	
1.643367	303.046584	303.024065	-322.533185	-322.501939	
1.654579	303.074523	303.050245	-322.561125	-322.528119	
1.665809	303.101777	303.076425	-322.588378	-322.554299	
1.677381	303.129096	303.093878	-322.615697	-322.580479	
1.688262	303.154091	303.120058	-322.640693	-322.606659	
1.707883	303.196557	303.146238	-322.683158	-322.650292	
1.712301	303.206102	303.181144	-322.692703	-322.667745	
1.722481	303.227531	303.198598	-322.714132	-322.685199	
1.733071	303.249169	303.216051	-322.735771	-322.711379	
1.744256	303.271283	303.250958	-322.757884	-322.746285	
1.755411	303.292636	303.268411	-322.779238	-322.763739	
1.766651	303.313439	303.285864	-322.80004	-322.789919	
1.777797	303.333361	303.320771	-322.819962	-322.816098	
1.789005	303.352686	303.338224	-322.839287	-322.833552	
1.800168	303.37123	303.355677	-322.857831	-322.859732	
1.811838	303.389836	303.381857	-322.876438	-322.885912	
1.822995	303.40695	303.390584	-322.893551	-322.903365	
1.834149	303.423362	303.416764	-322.909963	-322.920818	
1.845339	303.439129	303.434217	-322.925731	-322.938271	
1.85652	303.454193	303.460397	-322.940794	-322.955725	
1.867738	303.468608	303.469124	-322.955209	-322.973178	
1.878915	303.482297	303.486577	-322.968898	-322.990631	
1.890093	303.495293	303.495304	-322.981894	-322.999358	
1.901446	303.507796	303.512757	-322.994397	-323.008085	
1.912649	303.519456	303.521484	-323.006057	-323.016811	
1.923872	303.530465	303.53021	-323.017066	-323.025538	
1.935021	303.540741	303.53021	-323.027342	-323.034265	
1.946185	303.550374	303.538937	-323.036975	-323.042991	
1.957386	303.559385	303.547664	-323.045986	-323.051718	
1.968609	303.567756	303.547664	-323.054357	-323.060445	
1.979781	303.575453	303.55639	-323.062054	-323.060445	
1.991029	303.582564	303.565117	-323.069165	-323.060445	
2.002117	303.588968	303.565117	-323.075569	-323.060445	
2.013354	303.594838	303.565117	-323.081439	-323.060445	
2.024561	303.600095	303.565117	-323.086696	-323.060445	
2.035756	303.604762	303.565117	-323.091363	-323.060445	
2.046952	303.608864	303.565117	-323.095465	-323.060445	
2.05852	303.61251	303.565117	-323.099112	-323.060445	
2.069366	303.615459	303.565117	-323.10206	-323.060445	
2.080537	303.617996	303.565117	-323.104597	-323.060445	
2.092275	303.620144	303.565117	-323.106745	-323.060445	
2.10501	303.626218	303.565117	-323.112819	-323.060445	
2.116178	303.626218	303.565117	-323.112819	-323.060445	
2.127345	303.626218	303.565117	-323.112819	-323.060445	
2.138509	303.626218	303.565117	-323.112819	-323.060445	
2.149715	303.626218	303.565117	-323.112819	-323.060445	
2.179177	303.626218	303.565117	-323.112819	-323.060445	
2.183611	303.626218	303.565117	-323.112819	-323.060445	
2.194444	303.626218	303.565117	-323.112819	-323.060445	
2.205604	303.626218	303.565117	-323.112819	-323.060445	
2.216932	303.626218	303.565117	-323.112819	-323.060445	
2.22809	303.626218	303.565117	-323.112819	-323.060445	
2.239267	303.626218	303.565117	-323.112819	-323.060445	
2.250399	303.626218	303.565117	-323.112819	-323.060445	
2.262061	303.626218	303.565117	-323.112819	-323.060445	
2.273263	303.626218	303.565117	-323.112819	-323.060445	
2.284468	303.626218	303.565117	-323.112819	-323.060445	
2.295948	303.626218	303.565117	-323.112819	-323.060445	
2.307282	303.626218	303.565117	-323.112819	-323.060445	
2.318337	303.626218	303.565117	-323.112819	-323.060445	
2.329525	303.626218	303.565117	-323.112819	-323.060445	
2.340651	303.626218	303.565117	-323.112819	-323.060445	
2.351941	303.626218	303.565117	-323.112819	-323.060445	
2.363083	303.626218	303.573843	-323.112819	-323.060445	
2.374524	303.626218	303.573843	-323.112819	-323.060445	
2.385581	303.626218	303.58257	-323.112819	-323.069171	
2.396782	303.626218	303.58257	-323.112819	-323.069171	
2.408705	303.626218	303.58257	-323.112819	-323.069171	
2.419127	303.626218	303.58257	-323.112819	-323.077898	
2.430356	303.626218	303.591297	-323.112819	-323.077898	
2.441572	303.626218	303.591297	-323.112819	-323.086624	
2.453058	303.626218	303.600023	-323.112819	-323.095351	
2.463973	303.626218	303.600023	-323.112819	-323.095351	
2.475257	303.626218	303.600023	-323.112819	-323.095351	
2.486491	303.626218	303.600023	-323.112819	-323.095351	
2.497603	303.626218	303.600023	-323.112819	-323.095351	
2.508782	303.626218	303.600023	-323.112819	-323.095351	
2.520004	303.626218	303.600023	-323.112819	-323.086624	
2.531198	303.626218	303.600023	-323.112819	-323.086624	
2.542407	303.626218	303.600023	-323.112819	-323.086624	
2.553516	303.626218	303.600023	-323.112819	-323.086624	
2.564695	303.626218	303.600023	-323.112819	-323.086624	
2.584347	303.626218	303.600023	-323.112819	-323.086624	
2.588705	303.626218	303.600023	-323.112819	-323.086624	
2.598967	303.626218	303.600023	-323.112819	-323.095351	
2.611631	303.626218	303.600023	-323.112819	-323.095351	
2.620527	303.626218	303.600023	-323.112819	-323.095351	
2.63259	303.626218	303.600023	-323.112819	-323.095351	
2.644162	303.626218	303.600023	-323.112819	-323.086624	
2.655255	303.626218	303.600023	-323.112819	-323.086624	
2.666464	303.626218	303.600023	-323.112819	-323.086624	
2.677643	303.626218	303.600023	-323.112819	-323.086624	
2.689879	303.626218	303.600023	-323.112819	-323.095351	
2.700616	303.626218	303.600023	-323.112819	-323.095351	
2.712345	303.626218	303.600023	-323.112819	-323.095351	
2.723505	303.626218	303.600023	-323.112819	-323.095351	
2.738558	303.626218	303.600023	-323.112819	-323.086624	
2.749762	303.626218	303.600023	-323.112819	-323.086624	
2.761464	303.626218	303.600023	-323.112819	-323.086624	
2.772217	303.626218	303.600023	-323.112819	-323.095351	
2.783427	303.626218	303.600023	-323.112819	-323.095351	
2.794548	303.626218	303.600023	-323.112819	-323.095351	
2.805736	303.626218	303.600023	-323.112819	-323.095351	
2.817018	303.626218	303.600023	-323.112819	-323.086624	
2.828249	303.626218	303.600023	-323.112819	-323.086624	
2.847888	303.626218	303.600023	-323.112819	-323.095351	
2.85224	303.626218	303.600023	-323.112819	-323.095351	
2.862532	303.626218	303.600023	-323.112819	-323.095351	
2.873459	303.626218	303.600023	-323.112819	-323.095351	
2.884941	303.626218	303.600023	-323.112819	-323.086624	
2.896148	303.626218	303.600023	-323.112819	-323.086624	
2.907386	303.626218	303.600023	-323.112819	-323.095351	
2.918585	303.626218	303.600023	-323.112819	-323.095351	
2.92974	303.626218	303.600023	-323.112819	-323.095351	
2.949489	303.626218	303.600023	-323.112819	-323.086624	
2.953854	303.626218	303.600023	-323.112819	-323.086624	
2.964102	303.626218	303.600023	-323.112819	-323.086624	
2.974607	303.626218	303.600023	-323.112819	-323.086624	
2.985951	303.626218	303.600023	-323.112819	-323.086624	
2.99704	303.626218	303.600023	-323.112819	-323.095351	
3.008578	303.626218	303.600023	-323.112819	-323.095351	
3.019503	303.626218	303.600023	-323.112819	-323.095351	
3.03068	303.626218	303.600023	-323.112819	-323.095351	
3.041852	303.626218	303.600023	-323.112819	-323.086624	
3.053017	303.626218	303.600023	-323.112819	-323.086624	
3.064278	303.626218	303.600023	-323.112819	-323.086624	
3.07544	303.626218	303.600023	-323.112819	-323.095351	
3.086843	303.626218	303.600023	-323.112819	-323.095351	
3.097839	303.626218	303.600023	-323.112819	-323.095351	
3.109022	303.626218	303.600023	-323.112819	-323.095351	
3.120232	303.626218	303.600023	-323.112819	-323.086624	
3.131488	303.626218	303.600023	-323.112819	-323.086624	
3.14274	303.626218	303.600023	-323.112819	-323.095351	
3.153807	303.626218	303.600023	-323.112819	-323.095351	
3.164992	303.626218	303.600023	-323.112819	-323.095351	
3.176262	303.626218	303.600023	-323.112819	-323.095351	
3.187432	303.626218	303.600023	-323.112819	-323.086624	
3.198668	303.626218	303.600023	-323.112819	-323.086624	
3.210017	303.626218	303.600023	-323.112819	-323.095351	
3.221015	303.626218	303.600023	-323.112819	-323.095351	
3.232229	303.626218	303.600023	-323.112819	-323.095351	
3.243399	303.626218	303.600023	-323.112819	-323.095351	
3.254622	303.626218	303.600023	-323.112819	-323.095351	
3.265743	303.626218	303.600023	-323.112819	-323.086624	
3.276944	303.626218	303.600023	-323.112819	-323.086624	
3.288177	303.626218	303.600023	-323.112819	-323.095351	
3.299336	303.626218	303.600023	-323.112819	-323.095351	
3.310519	303.626218	303.600023	-323.112819	-323.095351	
3.32174	303.626218	303.600023	-323.112819	-323.095351	
3.332928	303.626218	303.600023	-323.112819	-323.095351	
3.344187	303.626218	303.600023	-323.112819	-323.086624	
3.355278	303.626218	303.600023	-323.112819	-323.086624	
3.374973	303.626218	303.600023	-323.112819	-323.095351	
3.379415	303.626218	303.600023	-323.112819	-323.095351	
3.389548	303.626218	303.600023	-323.112819	-323.095351	
3.40009	303.626218	303.600023	-323.112819	-323.095351	
3.411708	303.626218	303.600023	-323.112819	-323.095351	
3.422943	303.626218	303.600023	-323.112819	-323.086624	
3.434096	303.626218	303.600023	-323.112819	-323.086624	
3.445324	303.626218	303.600023	-323.112819	-323.095351	
3.456491	303.626218	303.600023	-323.112819	-323.095351	
3.467705	303.626218	303.600023	-323.112819	-323.095351	
3.478901	303.626218	303.600023	-323.112819	-323.095351	
3.490062	303.626218	303.600023	-323.112819	-323.095351	
3.501495	303.626218	303.600023	-323.112819	-323.095351	
3.512687	303.626218	303.600023	-323.112819	-323.095351	
3.52389	303.626218	303.600023	-323.112819	-323.095351	
3.535072	303.626218	303.600023	-323.112819	-323.095351	
3.546215	303.626218	303.600023	-323.112819	-323.095351	
3.557418	303.626218	303.600023	-323.112819	-323.095351	
3.568671	303.626218	303.600023	-323.112819	-323.095351	
3.579817	303.626218	303.600023	-323.112819	-323.095351	
3.59169	303.626218	303.600023	-323.112819	-323.095351	
3.60218	303.626218	303.600023	-323.112819	-323.095351	
3.613424	303.626218	303.600023	-323.112819	-323.095351	
3.624596	303.626218	303.600023	-323.112819	-323.095351	
3.635779	303.626218	303.600023	-323.112819	-323.095351	
3.647011	303.626218	303.600023	-323.112819	-323.095351	
3.658511	303.626218	303.600023	-323.112819	-323.095351	
3.669393	303.626218	303.600023	-323.112819	-323.095351	
3.680531	303.626218	303.600023	-323.112819	-323.095351	
3.692296	303.626218	303.600023	-323.112819	-323.095351	
3.703471	303.626218	303.600023	-323.112819	-323.095351	
3.714627	303.626218	303.600023	-323.112819	-323.095351	
3.725815	303.626218	303.600023	-323.112819	-323.095351	
3.737074	303.626218	303.600023	-323.112819	-323.095351	
3.748264	303.626218	303.600023	-323.112819	-323.095351	
3.769049	303.626218	303.600023	-323.112819	-323.095351	
3.77347	303.626218	303.600023	-323.112819	-323.095351	
3.783613	303.626218	303.600023	-323.112819	-323.095351	
3.793744	303.626218	303.600023	-323.112819	-323.095351	
3.80452	303.626218	303.600023	-323.112819	-323.095351	
3.81546	303.626218	303.600023	-323.112819	-323.095351	
3.826629	303.626218	303.600023	-323.112819	-323.086624	
3.837844	303.626218	303.600023	-323.112819	-323.086624	
3.849054	303.626218	303.600023	-323.112819	-323.095351	
3.860264	303.626218	303.600023	-323.112819	-323.095351	
3.87148	303.626218	303.600023	-323.112819	-323.095351	
3.88267	303.626218	303.600023	-323.112819	-323.095351	
3.893864	303.626218	303.600023	-323.112819	-323.095351	
3.905146	303.626218	303.600023	-323.112819	-323.095351	
3.916535	303.626218	303.600023	-323.112819	-323.095351	
3.927745	303.626218	303.600023	-323.112819	-323.095351	
3.93889	303.626218	303.600023	-323.112819	-323.095351	
3.950068	303.626218	303.600023	-323.112819	-323.095351	
3.96176	303.626218	303.600023	-323.112819	-323.095351	
3.972965	303.626218	303.600023	-323.112819	-323.095351	
3.984213	303.626218	303.600023	-323.112819	-323.095351	
3.99534	303.626218	303.600023	-323.112819	-323.095351	
4.006504	303.626218	303.600023	-323.112819	-323.095351	
4.017712	303.626218	303.600023	-323.112819	-323.095351	
4.028878	303.626218	303.600023	-323.112819	-323.095351	
4.0401	303.626218	303.600023	-323.112819	-323.095351	
4.051287	303.626218	303.600023	-323.112819	-323.095351	
4.062653	303.626218	303.600023	-323.112819	-323.095351	
4.073765	303.626218	303.600023	-323.112819	-323.095351	
4.084956	303.626218	303.600023	-323.112819	-323.095351	
4.096205	303.626218	303.600023	-323.112819	-323.095351	
4.109954	303.626218	303.600023	-323.112819	-323.095351	
4.120671	303.626218	303.600023	-323.112819	-323.095351	
4.131978	303.626218	303.600023	-323.112819	-323.095351	
4.143202	303.626218	303.600023	-323.112819	-323.095351	
4.154353	303.626218	303.600023	-323.112819	-323.095351	
4.165594	303.626218	303.600023	-323.112819	-323.095351	
4.176808	303.626218	303.600023	-323.112819	-323.095351	
4.18806	303.626218	303.600023	-323.112819	-323.095351	
4.199174	303.626218	303.600023	-323.112819	-323.095351	
4.210365	303.626218	303.600023	-323.112819	-323.095351	
4.221637	303.626218	303.600023	-323.112819	-323.095351	
4.232897	303.626218	303.600023	-323.112819	-323.095351	
4.244131	303.626218	303.600023	-323.112819	-323.095351	
4.255259	303.626218	303.600023	-323.112819	-323.095351	
4.266478	303.626218	303.600023	-323.112819	-323.095351	
4.277681	303.626218	303.60875	-323.112819	-323.095351	
