0.0481453	12.4031773	12.4005643	-12.4729905	-12.4703775	
0.05298623	12.4038827	12.4005643	-12.4736959	-12.4703775	
0.06314409	12.4061448	12.4005643	-12.475958	-12.4703775	
0.07338294	12.4090565	12.409291	-12.4788696	-12.4703775	
0.08354479	12.4125639	12.409291	-12.482377	-12.4703775	
0.09371565	12.4166945	12.409291	-12.4865077	-12.4791042	
0.1039565	12.421486	12.409291	-12.4912992	-12.4791042	
0.1168613	12.4286236	12.409291	-12.4984368	-12.4791042	
0.1240652	12.4327914	12.4180176	-12.5026046	-12.4791042	
0.1341501	12.4393295	12.4180176	-12.5091427	-12.4791042	
0.1450149	12.4471101	12.4180176	-12.5169233	-12.4791042	
0.1551918	12.4549979	12.4180176	-12.5248111	-12.4791042	
0.1652746	12.4634173	12.4180176	-12.5332305	-12.4791042	
0.1754315	12.4725226	12.4180176	-12.5423357	-12.4791042	
0.1855303	12.4821819	12.4180176	-12.5519951	-12.4791042	
0.1956902	12.492526	12.4180176	-12.5623391	-12.4791042	
0.205857	12.5034943	12.4267443	-12.5733075	-12.4791042	
0.2160449	12.5151111	12.4267443	-12.5849243	-12.4878308	
0.2261107	12.5271906	12.4354709	-12.5970037	-12.4965574	
0.2362846	12.5400253	12.4441976	-12.6098384	-12.4965574	
0.2464394	12.5534598	12.4441976	-12.623273	-12.5140107	
0.2566603	12.567605	12.4616509	-12.6374182	-12.531464	
0.2667121	12.582116	12.4791042	-12.6519292	-12.5489173	
0.276869	12.5973943	12.4965574	-12.6672074	-12.5663706	
0.2869539	12.6131832	12.5140107	-12.6829964	-12.5838239	
0.2970897	12.6296668	12.5401907	-12.69948	-12.6012772	
0.3071936	12.6467117	12.5663706	-12.7165248	-12.6187305	
0.3173494	12.6644593	12.5838239	-12.7342725	-12.6361838	
0.3274583	12.6827401	12.6100038	-12.7525533	-12.6536371	
0.3375921	12.701685	12.6361838	-12.7714982	-12.679817	
0.347835	12.7214666	12.6536371	-12.7912798	-12.705997	
0.3580008	12.7417049	12.679817	-12.8115181	-12.7321769	
0.3680957	12.7624298	12.6972703	-12.832243	-12.7583568	
0.3781915	12.7837534	12.7234502	-12.8535666	-12.7758101	
0.3884334	12.8060348	12.7409035	-12.875848	-12.8107167	
0.3984932	12.8285041	12.7583568	-12.8983172	-12.8368966	
0.4087011	12.8519476	12.7932634	-12.9217608	-12.8630766	
0.4188089	12.8757644	12.8107167	-12.9455776	-12.8892565	
0.4288798	12.9000963	12.82817	-12.9699095	-12.9154365	
0.4394036	12.9262195	12.8630766	-12.9960327	-12.9328898	
0.4492085	12.9511043	12.8979832	-13.0209175	-12.9590697	
0.4593904	12.9775767	12.9154365	-13.0473899	-12.9852496	
0.4694542	13.0043436	12.950343	-13.0741568	-13.0027029	
0.4795381	13.031777	12.9677963	-13.1015902	-13.0288829	
0.4897329	13.0601537	13.0027029	-13.1299669	-13.0550628	
0.4998448	13.0888874	13.0376095	-13.1587006	-13.0899694	
0.5100866	13.1186326	13.0550628	-13.1884458	-13.1161493	
0.5280094	13.1730468	13.1074227	-13.2428599	-13.1685092	
0.5323843	13.1862533	13.1161493	-13.2560665	-13.1772359	
0.5424882	13.2175641	13.1423293	-13.2873772	-13.2121424	
0.552729	13.2499589	13.1772359	-13.3197721	-13.2383224	
0.5628319	13.2824541	13.2034158	-13.3522673	-13.2645023	
0.5729697	13.3157288	13.2295957	-13.385542	-13.2994089	
0.5830556	13.3494247	13.2645023	-13.4192379	-13.3343155	
0.5932474	13.384122	13.2906823	-13.4539351	-13.3692221	
0.6034073	13.4193148	13.3255888	-13.489128	-13.4041287	
0.6135211	13.4549606	13.3692221	-13.5247737	-13.4390352	
0.623851	13.4920218	13.4041287	-13.561835	-13.4739418	
0.6339628	13.5288969	13.4564885	-13.5987101	-13.5175751	
0.6441137	13.5665562	13.4913951	-13.6363693	-13.5612083	
0.6543055	13.6049925	13.543755	-13.6748057	-13.6135682	
0.6649834	13.6466297	13.5873882	-13.7164429	-13.6484748	
0.6745413	13.6830977	13.6310215	-13.7529109	-13.7008346	
0.6846651	13.7230962	13.6746547	-13.7929093	-13.7444679	
0.694757	13.7635862	13.7182879	-13.8333994	-13.7881011	
0.7048878	13.804854	13.7706478	-13.8746672	-13.8317343	
0.7150977	13.8470588	13.8055544	-13.916872	-13.8753676	
0.7252185	13.8895373	13.8491876	-13.9593505	-13.9277274	
0.7353294	13.9325485	13.8928208	-14.0023617	-13.9713607	
0.7454332	13.9761593	13.9451807	-14.0459725	-14.0149939	
0.7556721	14.0210263	13.9800873	-14.0908394	-14.0673538	
0.7657949	14.0659117	14.0237205	-14.1357249	-14.1022604	
0.7759018	14.1113786	14.0673538	-14.1811918	-14.1458936	
0.7861046	14.1579142	14.1197136	-14.2277274	-14.1895268	
0.7965315	14.20648	14.1546202	-14.2762931	-14.2331601	
0.8063803	14.2522262	14.1982535	-14.3220394	-14.2767933	
0.8165032	14.3002362	14.2506133	-14.3700494	-14.3204265	
0.8266451	14.3489834	14.2942466	-14.4187966	-14.3727864	
0.8367659	14.3982049	14.3378798	-14.468018	-14.4164196	
0.8468498	14.4478601	14.3902397	-14.5176732	-14.4600529	
0.8574716	14.5008892	14.4338729	-14.5707024	-14.5036861	
0.8672155	14.5500201	14.4775061	-14.6198333	-14.556046	
0.8773593	14.6018396	14.529866	-14.6716528	-14.5909525	
0.8874282	14.6538717	14.5734993	-14.7236849	-14.6433124	
0.897886	14.7085878	14.6258591	-14.7784009	-14.6869457	
0.9078639	14.761397	14.678219	-14.8312102	-14.7305789	
0.9180447	14.8158707	14.7305789	-14.8856839	-14.7829388	
0.9280696	14.8701129	14.7829388	-14.9399261	-14.8352986	
0.9381814	14.9254586	14.8352986	-14.9952717	-14.8876585	
0.9483203	14.9815641	14.8876585	-15.0513773	-14.9400184	
0.9588301	15.0404312	14.948745	-15.1102444	-15.0011049	
0.968706	15.096236	15.0011049	-15.1660492	-15.0621914	
0.9788059	15.1539777	15.0621914	-15.2237908	-15.1145513	
0.9888967	15.212267	15.1320046	-15.2820801	-15.1843645	
0.9995276	15.2743948	15.1930911	-15.3442079	-15.2541777	
1.009137	15.3310466	15.2541777	-15.4008598	-15.3239908	
1.019297	15.3916138	15.3152642	-15.461427	-15.393804	
1.029357	15.4521408	15.3850774	-15.521954	-15.4636172	
1.039516	15.5139224	15.4548905	-15.5837355	-15.5334303	
1.049647	15.5743357	15.5247037	-15.6441488	-15.6032435	
1.060044	15.6357552	15.5945169	-15.7055684	-15.6730567	
1.070096	15.6944435	15.66433	-15.7642566	-15.7515965	
1.080142	15.7525784	15.7254166	-15.8223916	-15.8214097	
1.090237	15.8104133	15.7952297	-15.8802264	-15.8912228	
1.10075	15.8699867	15.8650429	-15.9397999	-15.961036	
1.111174	15.9284429	15.9348561	-15.9982561	-16.0221225	
1.121246	15.9843125	16.0046692	-16.0541257	-16.0919357	
1.131755	16.0420175	16.0744824	-16.1118306	-16.1530222	
1.141559	16.0952707	16.1268423	-16.1650839	-16.2053821	
1.151713	16.1498323	16.1792022	-16.2196455	-16.2664686	
1.161934	16.2043699	16.231562	-16.274183	-16.3188285	
1.172052	16.2573397	16.2839219	-16.3271528	-16.3711884	
1.182156	16.309863	16.3362818	-16.3796762	-16.4148216	
1.192273	16.3618696	16.3886417	-16.4316827	-16.4671815	
1.202452	16.4136168	16.4322749	-16.48343	-16.5108147	
1.212637	16.4647675	16.4846348	-16.5345807	-16.5631746	
1.222737	16.514917	16.528268	-16.5847302	-16.6068078	
1.232839	16.5644849	16.5631746	-16.634298	-16.6504411	
1.242995	16.6137424	16.6155345	-16.6835556	-16.6940743	
1.25316	16.662421	16.6591677	-16.7322341	-16.7289809	
1.26364	16.7120102	16.7028009	-16.7818233	-16.7726141	
1.273457	16.7578781	16.7464342	-16.8276912	-16.8075207	
1.283585	16.8046341	16.7900674	-16.8744473	-16.8511539	
1.293702	16.8507387	16.8424273	-16.9205518	-16.8860605	
1.303871	16.8964855	16.8773339	-16.9662987	-16.9296937	
1.314029	16.9415958	16.9209671	-17.011409	-16.9646003	
1.324178	16.9860673	16.9646003	-17.0558804	-17.0082336	
1.334289	17.0298045	17.0169602	-17.0996177	-17.0518668	
1.34441	17.0729851	17.0518668	-17.1427982	-17.0955	
1.355665	17.1202833	17.0867734	-17.1900964	-17.1391333	
1.365063	17.1592826	17.1391333	-17.2290957	-17.1827665	
1.374884	17.1994538	17.1827665	-17.269267	-17.2263997	
1.38501	17.2403027	17.2263997	-17.3101159	-17.2787596	
1.395144	17.2806042	17.2613063	-17.3504174	-17.3223928	
1.405491	17.321142	17.3049395	-17.3909552	-17.3747527	
1.415408	17.3594154	17.3485728	-17.4292286	-17.4183859	
1.425546	17.3979792	17.392206	-17.4677923	-17.4707458	
1.435651	17.4358242	17.4358392	-17.5056373	-17.5056524	
1.445806	17.4732702	17.4707458	-17.5430834	-17.5580123	
1.456956	17.5136724	17.514379	-17.5834856	-17.5929189	
1.466223	17.5467745	17.5580123	-17.6165877	-17.6278254	
1.476266	17.5820359	17.5929189	-17.6518491	-17.662732	
1.486394	17.6170407	17.6278254	-17.6868539	-17.6976386	
1.496511	17.6514219	17.662732	-17.7212351	-17.7325452	
1.506662	17.6853415	17.6976386	-17.7551547	-17.7674518	
1.516821	17.7186878	17.7325452	-17.788501	-17.8023584	
1.526931	17.7512911	17.7587251	-17.8211043	-17.837265	
1.537084	17.7834561	17.7849051	-17.8532693	-17.8634449	
1.547315	17.815266	17.8198117	-17.8850792	-17.8896248	
1.558218	17.8485064	17.8459916	-17.9183196	-17.9158048	
1.567547	17.8764392	17.8721715	-17.9462524	-17.9419847	
1.57763	17.9060646	17.8896248	-17.9758778	-17.959438	
1.587756	17.9352324	17.9245314	-18.0050455	-17.9856179	
1.597836	17.9637002	17.9507114	-18.0335134	-18.0030712	
1.608257	17.9925183	17.9768913	-18.0623315	-18.0292512	
1.618118	18.0193022	17.9943446	-18.0891154	-18.0467045	
1.628262	18.0461312	18.0205245	-18.1159444	-18.0641578	
1.638372	18.0723763	18.0467045	-18.1421895	-18.0903377	
1.648483	18.0980263	18.0641578	-18.1678395	-18.1165176	
1.669879	18.1491077	18.0903377	-18.2189209	-18.1514242	
1.67425	18.1596239	18.1252443	-18.2294371	-18.1776042	
1.684362	18.1832476	18.1426976	-18.2530608	-18.2037841	
1.694467	18.206294	18.1688775	-18.2761072	-18.2212374	
1.704587	18.2288049	18.1950575	-18.298618	-18.256144	
1.714786	18.2509095	18.2212374	-18.3207227	-18.2735973	
1.724927	18.2723157	18.2386907	-18.3421288	-18.2997772	
1.735059	18.2931307	18.2648706	-18.3629439	-18.3259571	
1.74518	18.3133571	18.2910506	-18.3831703	-18.3521371	
1.755349	18.3331072	18.3085039	-18.4029203	-18.3695904	
1.768508	18.3576074	18.3434104	-18.4274206	-18.3957703	
1.778701	18.376078	18.3608637	-18.4458912	-18.4306769	
1.788848	18.3939088	18.378317	-18.463722	-18.4481302	
1.798872	18.4109685	18.404497	-18.4807817	-18.4743101	
1.80943	18.4283223	18.4132236	-18.4981355	-18.5004901	
1.819128	18.4437654	18.4394035	-18.5135786	-18.5179434	
1.829228	18.4592811	18.4481302	-18.5290943	-18.5353967	
1.839395	18.4743426	18.4743101	-18.5441558	-18.5615766	
1.849712	18.48904	18.4830368	-18.5588532	-18.5703032	
1.859667	18.5026928	18.5004901	-18.5725059	-18.5877565	
1.869831	18.5160719	18.5179434	-18.5858851	-18.5964832	
1.879976	18.5288686	18.52667	-18.5986818	-18.6052098	
1.890141	18.5411765	18.5441233	-18.6109897	-18.6139365	
1.900262	18.5528164	18.5528499	-18.6226296	-18.6226631	
1.910978	18.5645526	18.5528499	-18.6343657	-18.6313898	
1.920924	18.5749377	18.5615766	-18.6447509	-18.6313898	
1.930904	18.5848361	18.5703032	-18.6546493	-18.6313898	
1.941044	18.5943518	18.5703032	-18.664165	-18.6401164	
1.951166	18.6033232	18.5703032	-18.6731364	-18.6401164	
1.961361	18.6118157	18.5703032	-18.6816288	-18.6401164	
1.971499	18.6197401	18.5703032	-18.6895533	-18.6401164	
1.981623	18.6271308	18.5703032	-18.6969439	-18.6401164	
1.992041	18.6341877	18.5703032	-18.7040008	-18.6401164	
2.001847	18.6403633	18.5703032	-18.7101765	-18.6488431	
2.012027	18.646258	18.5703032	-18.7160711	-18.6575697	
2.022218	18.6516578	18.5790299	-18.7214709	-18.675023	
2.032287	18.6565149	18.5877565	-18.726328	-18.6837496	
2.042462	18.6609368	18.5877565	-18.73075	-18.6924763	
2.052623	18.6648824	18.6052098	-18.7346956	-18.7012029	
2.062734	18.6683569	18.6226631	-18.73817	-18.7099296	
2.073067	18.6714458	18.6226631	-18.7412589	-18.7186562	
2.083229	18.6740612	18.6401164	-18.7438744	-18.7273829	
2.093347	18.6762666	18.6575697	-18.7460798	-18.7273829	
2.103462	18.6780957	18.6575697	-18.7479089	-18.7273829	
2.113544	18.6837643	18.6662964	-18.7535775	-18.7273829	
2.123699	18.6837643	18.675023	-18.7535775	-18.7273829	
2.133908	18.6837643	18.675023	-18.7535775	-18.7273829	
2.144015	18.6837643	18.675023	-18.7535775	-18.7273829	
2.154155	18.6837643	18.675023	-18.7535775	-18.7273829	
2.164247	18.6837643	18.6662964	-18.7535775	-18.7273829	
2.174471	18.6837643	18.6575697	-18.7535775	-18.7273829	
2.184578	18.6837643	18.6575697	-18.7535775	-18.7273829	
2.19472	18.6837643	18.6575697	-18.7535775	-18.7273829	
2.204892	18.6837643	18.6575697	-18.7535775	-18.7273829	
2.215072	18.6837643	18.6575697	-18.7535775	-18.7273829	
2.225135	18.6837643	18.6575697	-18.7535775	-18.7273829	
2.235367	18.6837643	18.6662964	-18.7535775	-18.7273829	
2.245484	18.6837643	18.6662964	-18.7535775	-18.7273829	
2.255604	18.6837643	18.6662964	-18.7535775	-18.7273829	
2.265735	18.6837643	18.6662964	-18.7535775	-18.7273829	
2.275954	18.6837643	18.6575697	-18.7535775	-18.7273829	
2.286193	18.6837643	18.6575697	-18.7535775	-18.7273829	
2.296217	18.6837643	18.6575697	-18.7535775	-18.7273829	
2.306344	18.6837643	18.6575697	-18.7535775	-18.7273829	
2.316595	18.6837643	18.6575697	-18.7535775	-18.7273829	
2.326611	18.6837643	18.6662964	-18.7535775	-18.7273829	
2.336727	18.6837643	18.6662964	-18.7535775	-18.7273829	
2.346845	18.6837643	18.6662964	-18.7535775	-18.7273829	
2.357066	18.6837643	18.6662964	-18.7535775	-18.7273829	
2.367142	18.6837643	18.6575697	-18.7535775	-18.7273829	
2.37737	18.6837643	18.6575697	-18.7535775	-18.7273829	
2.387536	18.6837643	18.6575697	-18.7535775	-18.7273829	
2.397614	18.6837643	18.6575697	-18.7535775	-18.7273829	
2.407905	18.6837643	18.6575697	-18.7535775	-18.7273829	
2.418024	18.6837643	18.6662964	-18.7535775	-18.7273829	
2.42796	18.6837643	18.6662964	-18.7535775	-18.7273829	
2.43816	18.6837643	18.6662964	-18.7535775	-18.7273829	
2.448246	18.6837643	18.6575697	-18.7535775	-18.7273829	
2.458341	18.6837643	18.6575697	-18.7535775	-18.7273829	
2.468522	18.6837643	18.6575697	-18.7535775	-18.7273829	
2.478752	18.6837643	18.6575697	-18.7535775	-18.7273829	
2.488864	18.6837643	18.6575697	-18.7535775	-18.7273829	
2.499002	18.6837643	18.6662964	-18.7535775	-18.7273829	
2.509079	18.6837643	18.6662964	-18.7535775	-18.7273829	
2.519497	18.6837643	18.6662964	-18.7535775	-18.7273829	
2.529322	18.6837643	18.6575697	-18.7535775	-18.7273829	
2.5395	18.6837643	18.6575697	-18.7535775	-18.7273829	
2.549588	18.6837643	18.6575697	-18.7535775	-18.7273829	
2.559682	18.6837643	18.6575697	-18.7535775	-18.7273829	
2.569874	18.6837643	18.6575697	-18.7535775	-18.7273829	
2.580129	18.6837643	18.6662964	-18.7535775	-18.7273829	
2.590279	18.6837643	18.6662964	-18.7535775	-18.7361095	
2.600298	18.6837643	18.6662964	-18.7535775	-18.7361095	
2.610444	18.6837643	18.6575697	-18.7535775	-18.7273829	
2.620806	18.6837643	18.6575697	-18.7535775	-18.7273829	
2.630816	18.6837643	18.6575697	-18.7535775	-18.7273829	
2.640998	18.6837643	18.6575697	-18.7535775	-18.7273829	
2.651143	18.6837643	18.6575697	-18.7535775	-18.7273829	
2.661245	18.6837643	18.6662964	-18.7535775	-18.7273829	
