0.03298148	347.372881	347.372881	-366.903115	-366.903115	
0.03766641	347.373078	347.372881	-366.903312	-366.903115	
0.04807325	347.374346	347.372881	-366.90458	-366.903115	
0.05793809	347.376114	347.372881	-366.906348	-366.903115	
0.06820293	347.378599	347.372881	-366.908833	-366.903115	
0.07828877	347.381644	347.372881	-366.911879	-366.903115	
0.0893486	347.385753	347.372881	-366.915987	-366.911842	
0.1006134	347.390704	347.372881	-366.920938	-366.911842	
0.1116902	347.396302	347.372881	-366.926536	-366.911842	
0.1229221	347.402742	347.372881	-366.932976	-366.911842	
0.1340969	347.409896	347.372881	-366.940131	-366.911842	
0.1452577	347.417787	347.372881	-366.948021	-366.911842	
0.1569205	347.426867	347.372881	-366.957102	-366.911842	
0.1681164	347.43632	347.372881	-366.966554	-366.911842	
0.1793102	347.446525	347.372881	-366.976759	-366.911842	
0.190573	347.457555	347.372881	-366.987789	-366.911842	
0.2017238	347.469219	347.372881	-366.999453	-366.911842	
0.2129397	347.481703	347.381608	-367.011937	-366.911842	
0.2241005	347.494876	347.381608	-367.02511	-366.911842	
0.2352923	347.508837	347.390334	-367.039071	-366.920569	
0.2466341	347.523762	347.390334	-367.053996	-366.920569	
0.2580079	347.539508	347.390334	-367.069742	-366.920569	
0.2691998	347.555741	347.390334	-367.085975	-366.929295	
0.2803786	347.572709	347.390334	-367.102944	-366.938022	
0.2915564	347.590427	347.407788	-367.120662	-366.946749	
0.3028272	347.609062	347.407788	-367.139296	-366.964202	
0.3139801	347.628232	347.433968	-367.158466	-366.990382	
0.3251849	347.648256	347.451421	-367.178491	-367.007835	
0.3364197	347.669084	347.477601	-367.199318	-367.034015	
0.3475505	347.690466	347.503781	-367.2207	-367.060195	
0.3587894	347.712813	347.529961	-367.243047	-367.086375	
0.3699892	347.735844	347.564867	-367.266079	-367.121282	
0.381187	347.759609	347.599774	-367.289843	-367.147461	
0.3923718	347.784107	347.63468	-367.314341	-367.182368	
0.4039787	347.810346	347.678314	-367.34058	-367.217275	
0.4148535	347.83561	347.721947	-367.365844	-367.252181	
0.4260343	347.862355	347.756853	-367.39259	-367.295814	
0.4387951	347.893912	347.800487	-367.424147	-367.339448	
0.4499749	347.922256	347.84412	-367.452491	-367.374354	
0.4611338	347.951309	347.879027	-367.481544	-367.417987	
0.4723726	347.981307	347.92266	-367.511541	-367.461621	
0.4835464	348.011886	347.966293	-367.54212	-367.496527	
0.4948182	348.043502	348.0012	-367.573736	-367.548887	
0.5059491	348.075469	348.036106	-367.605704	-367.583794	
0.5172189	348.108585	348.088466	-367.63882	-367.627427	
0.5283757	348.142124	348.132099	-367.672358	-367.67106	
0.5395875	348.176578	348.175732	-367.706812	-367.705967	
0.5507803	348.211734	348.210639	-367.741969	-367.7496	
0.5620052	348.247735	348.254272	-367.77797	-367.784507	
0.573183	348.284333	348.297906	-367.814568	-367.82814	
0.5843538	348.321663	348.341539	-367.851898	-367.863046	
0.5956436	348.360188	348.385172	-367.890422	-367.897953	
0.6073125	348.400783	348.420079	-367.931017	-367.93286	
0.6186603	348.441072	348.454985	-367.971306	-367.967766	
0.6298871	348.481637	348.489892	-368.011871	-368.002673	
0.6410089	348.522571	348.524798	-368.052805	-368.037579	
0.6522648	348.565526	348.559705	-368.09576	-368.072486	
0.6634626	348.607523	348.585885	-368.137758	-368.098666	
0.6745514	348.650566	348.620791	-368.180801	-368.133572	
0.6857292	348.694723	348.646971	-368.224957	-368.168479	
0.697102	348.740425	348.681878	-368.270659	-368.203386	
0.7084259	348.786727	348.716785	-368.316961	-368.238292	
0.7194367	348.832412	348.760418	-368.362646	-368.273199	
0.7312515	348.882361	348.804051	-368.412595	-368.316832	
0.7418803	348.927879	348.838958	-368.458113	-368.360465	
0.7530372	348.976485	348.882591	-368.506719	-368.404099	
0.764303	349.026277	348.934951	-368.556512	-368.456458	
0.7754018	349.076069	348.978584	-368.606303	-368.508818	
0.7867906	349.128006	349.030944	-368.65824	-368.561178	
0.7978595	349.179143	349.083304	-368.709378	-368.613538	
0.8090633	349.231691	349.14439	-368.761925	-368.665898	
0.8203121	349.28522	349.188023	-368.815454	-368.726984	
0.8314289	349.338844	349.257837	-368.869078	-368.788071	
0.8426268	349.393608	349.318923	-368.923842	-368.849157	
0.8541046	349.450567	349.38001	-368.980801	-368.910244	
0.8651764	349.506245	349.441096	-369.036479	-368.980057	
0.8848591	349.607986	349.554543	-369.13822	-369.084777	
0.889207	349.630343	349.589449	-369.160577	-369.119684	
0.8993899	349.6836	349.641809	-369.213834	-369.18077	
0.9099267	349.73937	349.711622	-369.269604	-369.241857	
0.9211285	349.799451	349.781435	-369.329685	-369.320396	
0.9323624	349.860456	349.851249	-369.39069	-369.381483	
0.9435212	349.921805	349.921062	-369.452039	-369.460023	
0.954654	349.983725	349.990875	-369.51396	-369.529836	
0.9659028	350.047066	350.069415	-369.5773	-369.599649	
0.9771226	350.110991	350.139228	-369.641225	-369.669462	
0.9883575	350.175777	350.217768	-369.706011	-369.739275	
0.9994653	350.240567	350.287581	-369.770801	-369.809089	
1.010663	350.306625	350.357394	-369.836859	-369.870175	
1.021869	350.373472	350.427207	-369.903706	-369.939988	
1.033088	350.441188	350.49702	-369.971423	-370.009801	
1.044307	350.509636	350.566834	-370.03987	-370.079615	
1.055635	350.577264	350.636647	-370.107499	-370.149428	
1.066666	350.642395	350.70646	-370.172629	-370.219241	
1.101811	350.840229	350.898446	-370.370463	-370.419954	
1.10825	350.876777	350.933353	-370.407012	-370.463587	
1.118393	350.933648	351.003166	-370.463882	-370.515947	
1.128493	350.989629	351.055526	-370.519863	-370.577033	
1.138606	351.045129	351.107886	-370.575364	-370.629393	
1.149324	351.103245	351.168972	-370.63348	-370.681753	
1.160517	351.163197	351.221332	-370.693432	-370.74284	
1.171937	351.22364	351.282419	-370.753874	-370.7952	
1.182958	351.28122	351.334778	-370.811455	-370.847559	
1.194102	351.338747	351.387138	-370.868982	-370.899919	
1.205536	351.396991	351.439498	-370.927225	-370.961006	
1.216937	351.454316	351.491858	-370.98455	-371.013366	
1.22777	351.508096	351.544218	-371.03833	-371.056999	
1.238967	351.562958	351.596578	-371.093192	-371.109359	
1.250127	351.61694	351.640211	-371.147175	-371.161719	
1.261327	351.670357	351.692571	-371.200592	-371.214079	
1.272507	351.722954	351.736204	-371.253188	-371.266438	
1.283694	351.774871	351.788564	-371.305105	-371.310072	
1.294912	351.826187	351.840924	-371.356421	-371.362432	
1.306104	351.876698	351.87583	-371.406933	-371.406065	
1.317349	351.926669	351.92819	-371.456904	-371.458425	
1.328539	351.975677	351.98055	-371.505911	-371.502058	
1.339744	352.024039	352.015457	-371.554273	-371.545691	
1.350939	352.071612	352.067817	-371.601846	-371.589324	
1.362159	352.118583	352.11145	-371.648817	-371.632958	
1.373356	352.164724	352.155083	-371.694959	-371.676591	
1.384471	352.209816	352.198716	-371.740051	-371.720224	
1.395607	352.254276	352.251076	-371.78451	-371.763857	
1.407465	352.300774	352.29471	-371.831008	-371.816217	
1.418637	352.343906	352.347069	-371.87414	-371.85985	
1.429849	352.386439	352.399429	-371.916674	-371.903484	
1.441496	352.429845	352.434336	-371.960079	-371.955844	
1.452684	352.470827	352.486696	-372.001061	-371.999477	
1.46414	352.512032	352.539056	-372.042267	-372.051837	
1.475074	352.550665	352.573962	-372.080899	-372.104197	
1.494853	352.617844	352.652502	-372.148078	-372.182736	
1.499252	352.632848	352.678682	-372.163082	-372.20019	
1.509384	352.666696	352.713589	-372.19693	-372.243823	
1.519926	352.70126	352.748495	-372.231494	-372.278729	
1.531149	352.737313	352.792128	-372.267547	-372.313636	
1.542349	352.772556	352.827035	-372.302791	-372.357269	
1.553531	352.807047	352.861942	-372.337281	-372.392176	
1.564957	352.84155	352.896848	-372.371784	-372.418356	
1.575843	352.873731	352.923028	-372.403965	-372.453262	
1.587107	352.906314	352.957935	-372.436548	-372.479442	
1.598369	352.938154	352.984115	-372.468389	-372.505622	
1.609524	352.969001	353.001568	-372.499235	-372.531802	
1.620735	352.999277	353.027748	-372.529512	-372.557982	
1.631906	353.028751	353.045201	-372.558985	-372.575435	
1.643077	353.057501	353.062654	-372.587735	-372.592889	
1.65431	353.085696	353.088834	-372.61593	-372.601615	
1.66562	353.11336	353.106288	-372.643594	-372.619069	
1.676786	353.139972	353.132468	-372.670206	-372.636522	
1.687964	353.165904	353.149921	-372.696138	-372.653975	
1.699193	353.191246	353.167374	-372.721481	-372.662702	
1.710377	353.215782	353.184827	-372.746017	-372.688882	
1.721573	353.23964	353.202281	-372.769874	-372.706335	
1.732791	353.262842	353.219734	-372.793076	-372.723788	
1.743903	353.285125	353.237187	-372.815359	-372.749968	
1.755161	353.307003	353.254641	-372.837238	-372.767422	
1.774852	353.342631	353.280821	-372.872866	-372.802328	
1.779232	353.350626	353.289547	-372.880861	-372.819782	
1.789456	353.368579	353.307	-372.898814	-372.837235	
1.800068	353.386563	353.324454	-372.916797	-372.854688	
1.811226	353.404774	353.341907	-372.935009	-372.880868	
1.822504	353.422482	353.368087	-372.952716	-372.907048	
1.833677	353.439399	353.38554	-372.969634	-372.933228	
1.844913	353.455607	353.41172	-372.985841	-372.950681	
1.855987	353.470973	353.429174	-373.001208	-372.976861	
1.867699	353.486463	353.455353	-373.016698	-373.003041	
1.878945	353.500669	353.481533	-373.030904	-373.029221	
1.890098	353.514091	353.498987	-373.044326	-373.055401	
1.901303	353.526905	353.51644	-373.05714	-373.081581	
1.912666	353.539299	353.533893	-373.069533	-373.099034	
1.923666	353.550483	353.551347	-373.080717	-373.125214	
1.93489	353.561324	353.5688	-373.091558	-373.142667	
1.945971	353.571394	353.586253	-373.101628	-373.160121	
1.957737	353.581351	353.586253	-373.111585	-373.177574	
1.968362	353.589789	353.603706	-373.120023	-373.186301	
1.979558	353.598032	353.62116	-373.128267	-373.195027	
1.990798	353.605672	353.62116	-373.135907	-373.203754	
2.002073	353.612712	353.638613	-373.142946	-373.212481	
2.01313	353.619022	353.64734	-373.149257	-373.212481	
2.024306	353.624799	353.656066	-373.155034	-373.212481	
2.035473	353.62999	353.656066	-373.160224	-373.212481	
2.046925	353.634704	353.656066	-373.164939	-373.212481	
2.05836	353.638835	353.656066	-373.169069	-373.212481	
2.069553	353.64235	353.656066	-373.172585	-373.212481	
2.080714	353.645347	353.656066	-373.175581	-373.212481	
2.091903	353.647867	353.656066	-373.178101	-373.212481	
2.103137	353.649941	353.656066	-373.180175	-373.212481	
2.114284	353.651591	353.656066	-373.181826	-373.212481	
2.125448	353.656081	353.656066	-373.186315	-373.212481	
2.13668	353.656081	353.656066	-373.186315	-373.212481	
2.147895	353.656081	353.656066	-373.186315	-373.212481	
2.159054	353.656081	353.656066	-373.186315	-373.212481	
2.170239	353.656081	353.656066	-373.186315	-373.212481	
2.181424	353.656081	353.656066	-373.186315	-373.212481	
2.192595	353.656081	353.656066	-373.186315	-373.212481	
2.203765	353.656081	353.656066	-373.186315	-373.212481	
2.215373	353.656081	353.656066	-373.186315	-373.212481	
2.226152	353.656081	353.656066	-373.186315	-373.212481	
2.237383	353.656081	353.656066	-373.186315	-373.212481	
2.248547	353.656081	353.656066	-373.186315	-373.212481	
2.259701	353.656081	353.656066	-373.186315	-373.212481	
2.270944	353.656081	353.656066	-373.186315	-373.212481	
2.282104	353.656081	353.656066	-373.186315	-373.212481	
2.293369	353.656081	353.64734	-373.186315	-373.212481	
2.30445	353.656081	353.64734	-373.186315	-373.212481	
2.315672	353.656081	353.64734	-373.186315	-373.212481	
2.326954	353.656081	353.64734	-373.186315	-373.212481	
2.338141	353.656081	353.64734	-373.186315	-373.212481	
2.349318	353.656081	353.638613	-373.186315	-373.212481	
2.360466	353.656081	353.638613	-373.186315	-373.212481	
2.371657	353.656081	353.638613	-373.186315	-373.212481	
2.382905	353.656081	353.638613	-373.186315	-373.212481	
2.394057	353.656081	353.638613	-373.186315	-373.212481	
2.405225	353.656081	353.638613	-373.186315	-373.212481	
2.416852	353.656081	353.638613	-373.186315	-373.212481	
2.427604	353.656081	353.638613	-373.186315	-373.212481	
2.440898	353.656081	353.638613	-373.186315	-373.212481	
2.450007	353.656081	353.638613	-373.186315	-373.212481	
2.461179	353.656081	353.638613	-373.186315	-373.212481	
2.472376	353.656081	353.638613	-373.186315	-373.212481	
2.48355	353.656081	353.638613	-373.186315	-373.212481	
2.494842	353.656081	353.638613	-373.186315	-373.212481	
2.505971	353.656081	353.638613	-373.186315	-373.212481	
2.518148	353.656081	353.638613	-373.186315	-373.212481	
2.529331	353.656081	353.638613	-373.186315	-373.212481	
2.540553	353.656081	353.638613	-373.186315	-373.212481	
2.551754	353.656081	353.638613	-373.186315	-373.212481	
2.562943	353.656081	353.638613	-373.186315	-373.212481	
2.574158	353.656081	353.638613	-373.186315	-373.212481	
2.585321	353.656081	353.638613	-373.186315	-373.212481	
2.596614	353.656081	353.638613	-373.186315	-373.212481	
2.607897	353.656081	353.638613	-373.186315	-373.212481	
2.619105	353.656081	353.638613	-373.186315	-373.212481	
2.630286	353.656081	353.638613	-373.186315	-373.212481	
2.641432	353.656081	353.638613	-373.186315	-373.212481	
2.652689	353.656081	353.638613	-373.186315	-373.212481	
2.664133	353.656081	353.638613	-373.186315	-373.212481	
2.675055	353.656081	353.638613	-373.186315	-373.212481	
2.686258	353.656081	353.638613	-373.186315	-373.212481	
2.697436	353.656081	353.638613	-373.186315	-373.212481	
2.709064	353.656081	353.638613	-373.186315	-373.212481	
2.719898	353.656081	353.638613	-373.186315	-373.212481	
2.731138	353.656081	353.638613	-373.186315	-373.212481	
2.742352	353.656081	353.638613	-373.186315	-373.212481	
2.753891	353.656081	353.638613	-373.186315	-373.212481	
2.764687	353.656081	353.638613	-373.186315	-373.212481	
2.775837	353.656081	353.638613	-373.186315	-373.212481	
2.78713	353.656081	353.638613	-373.186315	-373.212481	
2.798321	353.656081	353.638613	-373.186315	-373.212481	
2.809466	353.656081	353.638613	-373.186315	-373.212481	
2.82071	353.656081	353.638613	-373.186315	-373.212481	
2.831835	353.656081	353.638613	-373.186315	-373.212481	
2.843096	353.656081	353.638613	-373.186315	-373.212481	
2.854223	353.656081	353.638613	-373.186315	-373.212481	
2.865642	353.656081	353.638613	-373.186315	-373.212481	
2.876698	353.656081	353.638613	-373.186315	-373.212481	
2.887794	353.656081	353.638613	-373.186315	-373.212481	
2.899037	353.656081	353.638613	-373.186315	-373.212481	
2.910184	353.656081	353.638613	-373.186315	-373.212481	
2.921398	353.656081	353.638613	-373.186315	-373.212481	
2.932625	353.656081	353.638613	-373.186315	-373.212481	
2.943758	353.656081	353.638613	-373.186315	-373.212481	
2.954919	353.656081	353.638613	-373.186315	-373.212481	
2.966159	353.656081	353.638613	-373.186315	-373.212481	
2.977399	353.656081	353.638613	-373.186315	-373.212481	
2.988638	353.656081	353.638613	-373.186315	-373.212481	
2.999761	353.656081	353.638613	-373.186315	-373.212481	
3.010915	353.656081	353.638613	-373.186315	-373.212481	
3.022148	353.656081	353.638613	-373.186315	-373.212481	
3.043376	353.656081	353.638613	-373.186315	-373.212481	
3.047782	353.656081	353.638613	-373.186315	-373.212481	
3.057996	353.656081	353.638613	-373.186315	-373.212481	
3.068089	353.656081	353.638613	-373.186315	-373.212481	
3.08833	353.656081	353.638613	-373.186315	-373.212481	
3.092741	353.656081	353.638613	-373.186315	-373.212481	
3.109683	353.656081	353.638613	-373.186315	-373.212481	
3.114311	353.656081	353.638613	-373.186315	-373.212481	
3.132747	353.656081	353.638613	-373.186315	-373.212481	
3.137259	353.656081	353.638613	-373.186315	-373.212481	
3.147498	353.656081	353.638613	-373.186315	-373.212481	
3.157912	353.656081	353.638613	-373.186315	-373.203754	
