0.03290546	316.114034	316.114034	-335.618089	-335.618089	
0.03760339	316.114232	316.114034	-335.618287	-335.618089	
0.04805022	316.115509	316.114034	-335.619564	-335.618089	
0.05793406	316.117286	316.114034	-335.621341	-335.618089	
0.06811889	316.119747	316.114034	-335.623802	-335.618089	
0.07845372	316.122892	316.114034	-335.626946	-335.618089	
0.08966854	316.127088	316.114034	-335.631143	-335.618089	
0.1008314	316.13201	316.114034	-335.636065	-335.618089	
0.1120332	316.137705	316.114034	-335.64176	-335.618089	
0.123175	316.144114	316.114034	-335.648168	-335.618089	
0.1343768	316.151306	316.114034	-335.655361	-335.618089	
0.1455726	316.159253	316.114034	-335.663307	-335.618089	
0.1568914	316.16806	316.114034	-335.672114	-335.618089	
0.1680343	316.177461	316.114034	-335.681515	-335.618089	
0.1792451	316.187683	316.114034	-335.691737	-335.618089	
0.1904129	316.198608	316.114034	-335.702662	-335.626815	
0.2016807	316.210403	316.114034	-335.714458	-335.626815	
0.2127645	316.22273	316.122761	-335.726785	-335.626815	
0.2239994	316.235989	316.122761	-335.740043	-335.626815	
0.2353702	316.250196	316.131487	-335.754251	-335.626815	
0.2464	316.264682	316.131487	-335.768736	-335.626815	
0.2575838	316.280138	316.131487	-335.784192	-335.635542	
0.2687756	316.296348	316.131487	-335.800402	-335.635542	
0.2799334	316.313257	316.140214	-335.817312	-335.652995	
0.2911143	316.330955	316.148941	-335.83501	-335.661722	
0.3027851	316.350266	316.166394	-335.85432	-335.679175	
0.3134969	316.368642	316.183847	-335.872696	-335.696628	
0.3246497	316.388536	316.201301	-335.89259	-335.722808	
0.3358725	316.409312	316.236207	-335.913367	-335.748988	
0.3614081	316.461615	316.297294	-335.96567	-335.810075	
0.365793	316.470409	316.30602	-335.974463	-335.827528	
0.3761739	316.492132	316.340927	-335.996186	-335.853708	
0.3861817	316.513637	316.375834	-336.017691	-335.879888	
0.3962745	316.535944	316.41074	-336.039999	-335.914794	
0.4071684	316.560763	316.445647	-336.064818	-335.940974	
0.4184042	316.587133	316.480553	-336.091187	-335.984608	
0.429613	316.614187	316.51546	-336.118242	-336.028241	
0.4408068	316.641959	316.559093	-336.146013	-336.063147	
0.4519706	316.670416	316.602726	-336.174471	-336.106781	
0.4635275	316.700674	316.64636	-336.204729	-336.150414	
0.4745443	316.730215	316.689993	-336.234269	-336.194047	
0.4859311	316.761555	316.733626	-336.265609	-336.23768	
0.4971119	316.793165	316.777259	-336.297219	-336.29004	
0.5083037	316.825374	316.820892	-336.329428	-336.324947	
0.5194795	316.858382	316.864526	-336.362436	-336.377307	
0.5306714	316.892177	316.899432	-336.396231	-336.42094	
0.5424252	316.928521	316.943066	-336.432576	-336.464573	
0.553559	316.963681	316.986699	-336.467735	-336.49948	
0.5647408	316.999741	317.030332	-336.503795	-336.543113	
0.5759446	317.036609	317.065239	-336.540663	-336.57802	
0.5891194	317.081126	317.108872	-336.58518	-336.621653	
0.5983013	317.112496	317.143778	-336.61655	-336.647833	
0.6094731	317.151522	317.178685	-336.655576	-336.682739	
0.6206439	317.191286	317.213592	-336.695341	-336.708919	
0.6318517	317.231944	317.248498	-336.735999	-336.743826	
0.6430135	317.273178	317.274678	-336.777232	-336.778732	
0.6557823	317.321399	317.300858	-336.825454	-336.813639	
0.6649002	317.356224	317.335765	-336.860278	-336.839819	
0.676585	317.401745	317.361945	-336.9058	-336.874726	
0.6877658	317.446052	317.396851	-336.950106	-336.900906	
0.6989266	317.491022	317.431758	-336.995076	-336.935812	
0.7102454	317.537402	317.466664	-337.041457	-336.970719	
0.7214093	317.583899	317.501571	-337.087953	-337.005625	
0.7325771	317.631165	317.545204	-337.135219	-337.040532	
0.7437929	317.679364	317.588837	-337.183419	-337.084165	
0.7549427	317.728059	317.632471	-337.232113	-337.127798	
0.7662485	317.778171	317.667377	-337.282225	-337.171432	
0.7774423	317.828557	317.719737	-337.332611	-337.215065	
0.7886432	317.879728	317.772097	-337.383782	-337.267425	
0.799766	317.931268	317.824457	-337.435322	-337.319785	
0.8109988	317.984093	317.876817	-337.488147	-337.380871	
0.8222376	318.037694	317.94663	-337.541748	-337.441958	
0.8334144	318.091747	317.99899	-337.595801	-337.503044	
0.8445722	318.14646	318.060076	-337.650514	-337.564131	
0.8562471	318.204573	318.121163	-337.708628	-337.625217	
0.8674029	318.260784	318.190976	-337.764839	-337.69503	
0.8785797	318.317856	318.260789	-337.82191	-337.764843	
0.8897755	318.375808	318.330602	-337.879862	-337.834657	
0.9009603	318.434427	318.400415	-337.938482	-337.90447	
0.9120921	318.493527	318.470229	-337.997581	-337.974283	
0.923312	318.553841	318.540042	-338.057895	-338.044096	
0.9344598	318.614511	318.609855	-338.118565	-338.113909	
0.9456796	318.676336	318.679668	-338.18039	-338.183723	
0.9569094	318.73899	318.749481	-338.243045	-338.253536	
0.9680932	318.802103	318.819294	-338.306157	-338.323349	
0.9792921	318.866082	318.889108	-338.370136	-338.393162	
0.9904909	318.930784	318.958921	-338.434838	-338.462975	
1.001733	318.996524	319.028734	-338.500578	-338.532788	
1.012851	319.062247	319.098547	-338.566301	-338.602602	
1.024024	319.129069	319.16836	-338.633124	-338.672415	
1.035261	319.197028	319.238173	-338.701083	-338.742228	
1.046393	319.265086	319.307987	-338.769141	-338.812041	
1.057597	319.332117	319.3778	-338.836171	-338.873128	
1.068787	319.398296	319.438886	-338.90235	-338.942941	
1.080146	319.464771	319.5087	-338.968825	-339.012754	
1.091306	319.529291	319.569786	-339.033346	-339.082567	
1.102813	319.595054	319.639599	-339.099108	-339.15238	
1.113713	319.656628	319.691959	-339.160683	-339.213467	
1.124825	319.718695	319.761772	-339.222749	-339.274553	
1.136033	319.780548	319.831585	-339.284603	-339.33564	
1.147184	319.841394	319.883945	-339.345449	-339.396726	
1.158338	319.90146	319.945032	-339.405514	-339.457813	
1.169551	319.961149	320.006118	-339.465204	-339.510173	
1.180908	320.020836	320.067205	-339.52489	-339.571259	
1.192062	320.078715	320.119565	-339.582769	-339.623619	
1.203216	320.135862	320.180651	-339.639916	-339.675979	
1.214569	320.19327	320.233011	-339.697324	-339.737066	
1.225653	320.248599	320.285371	-339.752654	-339.789425	
1.236846	320.303734	320.337731	-339.807788	-339.841785	
1.247949	320.357708	320.390091	-339.861763	-339.894145	
1.259136	320.411359	320.451177	-339.915413	-339.946505	
1.270347	320.464372	320.494811	-339.968426	-339.998865	
1.281509	320.516438	320.555897	-340.020492	-340.042498	
1.293024	320.569374	320.59953	-340.073429	-340.094858	
1.304238	320.620164	320.643164	-340.124219	-340.147218	
1.314991	320.668221	320.695523	-340.172275	-340.190851	
1.326313	320.718055	320.739157	-340.222109	-340.234484	
1.337496	320.766541	320.78279	-340.270596	-340.286844	
1.348647	320.814171	320.83515	-340.318225	-340.330477	
1.359835	320.861217	320.878783	-340.365271	-340.374111	
1.371033	320.907567	320.922416	-340.411622	-340.417744	
1.382263	320.953329	320.966049	-340.457383	-340.461377	
1.393439	320.998146	321.009683	-340.502201	-340.496284	
1.404607	321.042192	321.053316	-340.546246	-340.548644	
1.415874	321.085869	321.088222	-340.589924	-340.58355	
1.427062	321.128532	321.131856	-340.632587	-340.63591	
1.438316	321.170703	321.175489	-340.674758	-340.679543	
1.449456	321.211735	321.219122	-340.715789	-340.723177	
1.460648	321.25222	321.262755	-340.756275	-340.758083	
1.471816	321.291894	321.297662	-340.795949	-340.801716	
1.482981	321.330833	321.332569	-340.834888	-340.84535	
1.494214	321.369265	321.384928	-340.873319	-340.880256	
1.505832	321.408237	321.419835	-340.912291	-340.915163	
1.517063	321.445176	321.463468	-340.949231	-340.958796	
1.5282	321.481097	321.498375	-340.985152	-340.993703	
1.539397	321.516484	321.542008	-341.020538	-341.019883	
1.550527	321.550938	321.568188	-341.054993	-341.054789	
1.561738	321.584938	321.603095	-341.088993	-341.089696	
1.572909	321.618071	321.638001	-341.122126	-341.124602	
1.584077	321.650484	321.664181	-341.154539	-341.150782	
1.595318	321.682382	321.699088	-341.186436	-341.176962	
1.606862	321.714356	321.725268	-341.21841	-341.203142	
1.618024	321.744565	321.751448	-341.24862	-341.229322	
1.629378	321.774576	321.786354	-341.27863	-341.264229	
1.640399	321.802977	321.821261	-341.307032	-341.281682	
1.651666	321.831308	321.847441	-341.335362	-341.316589	
1.665119	321.864766	321.873621	-341.36882	-341.351495	
1.67513	321.887841	321.899801	-341.391895	-341.377675	
1.685336	321.911555	321.925981	-341.41561	-341.403855	
1.696409	321.936568	321.95216	-341.440622	-341.430035	
1.707641	321.961217	321.969614	-341.465271	-341.456215	
1.718756	321.984911	321.995794	-341.488965	-341.491121	
1.729937	322.008031	322.013247	-341.512085	-341.517301	
1.741239	322.030674	322.0307	-341.534729	-341.543481	
1.75247	322.052471	322.05688	-341.556526	-341.560935	
1.76348	322.073158	322.065607	-341.577212	-341.578388	
1.774651	322.093441	322.08306	-341.597496	-341.604568	
1.785895	322.11315	322.100513	-341.617204	-341.622021	
1.797556	322.132816	322.10924	-341.63687	-341.639474	
1.808364	322.150402	322.126693	-341.654456	-341.656928	
1.819561	322.167926	322.13542	-341.67198	-341.674381	
1.830737	322.184721	322.152873	-341.688775	-341.691834	
1.841928	322.200848	322.170327	-341.704903	-341.709288	
1.853139	322.216314	322.18778	-341.720369	-341.726741	
1.864267	322.230982	322.205233	-341.735036	-341.735468	
1.875549	322.245157	322.21396	-341.749211	-341.752921	
1.88673	322.258525	322.24014	-341.76258	-341.770374	
1.89826	322.271592	322.24014	-341.775647	-341.779101	
1.90923	322.283378	322.257593	-341.787432	-341.787827	
1.920359	322.294676	322.275046	-341.798731	-341.787827	
1.931556	322.305377	322.275046	-341.809431	-341.796554	
1.942728	322.315398	322.2925	-341.819452	-341.805281	
1.954271	322.325045	322.301226	-341.8291	-341.805281	
1.965162	322.333549	322.309953	-341.837603	-341.805281	
1.976325	322.34162	322.309953	-341.845675	-341.805281	
1.987541	322.349097	322.31868	-341.853151	-341.805281	
1.99866	322.355894	322.327406	-341.859948	-341.805281	
2.009844	322.362113	322.327406	-341.866168	-341.805281	
2.021045	322.36774	322.336133	-341.871794	-341.805281	
2.032196	322.372756	322.336133	-341.876811	-341.805281	
2.043374	322.377214	322.34486	-341.881268	-341.805281	
2.054583	322.381126	322.34486	-341.885181	-341.814007	
2.065823	322.384508	322.34486	-341.888562	-341.822734	
2.077005	322.387366	322.34486	-341.89142	-341.831461	
2.088175	322.389743	322.34486	-341.893798	-341.840187	
2.099326	322.391675	322.34486	-341.895729	-341.848914	
2.110554	322.397234	322.34486	-341.901289	-341.866367	
2.121727	322.397234	322.34486	-341.901289	-341.875094	
2.133448	322.397234	322.34486	-341.901289	-341.883821	
2.144267	322.397234	322.34486	-341.901289	-341.892547	
2.155941	322.397234	322.34486	-341.901289	-341.892547	
2.167111	322.397234	322.34486	-341.901289	-341.892547	
2.178346	322.397234	322.34486	-341.901289	-341.892547	
2.189871	322.397234	322.34486	-341.901289	-341.892547	
2.200986	322.397234	322.34486	-341.901289	-341.883821	
2.212204	322.397234	322.34486	-341.901289	-341.883821	
2.223365	322.397234	322.34486	-341.901289	-341.875094	
2.234529	322.397234	322.34486	-341.901289	-341.875094	
2.245786	322.397234	322.34486	-341.901289	-341.875094	
2.256949	322.397234	322.34486	-341.901289	-341.875094	
2.268193	322.397234	322.34486	-341.901289	-341.883821	
2.279308	322.397234	322.34486	-341.901289	-341.883821	
2.290511	322.397234	322.34486	-341.901289	-341.883821	
2.301677	322.397234	322.34486	-341.901289	-341.883821	
2.312865	322.397234	322.34486	-341.901289	-341.883821	
2.324204	322.397234	322.34486	-341.901289	-341.883821	
2.335393	322.397234	322.34486	-341.901289	-341.883821	
2.362177	322.397234	322.34486	-341.901289	-341.875094	
2.366562	322.397234	322.34486	-341.901289	-341.875094	
2.377082	322.397234	322.34486	-341.901289	-341.883821	
2.38692	322.397234	322.34486	-341.901289	-341.883821	
2.397048	322.397234	322.34486	-341.901289	-341.883821	
2.407214	322.397234	322.34486	-341.901289	-341.883821	
2.418074	322.397234	322.34486	-341.901289	-341.883821	
2.429608	322.397234	322.34486	-341.901289	-341.883821	
2.440764	322.397234	322.34486	-341.901289	-341.883821	
2.451965	322.397234	322.34486	-341.901289	-341.883821	
2.463103	322.397234	322.34486	-341.901289	-341.883821	
2.47427	322.397234	322.34486	-341.901289	-341.883821	
2.48565	322.397234	322.34486	-341.901289	-341.883821	
2.496813	322.397234	322.34486	-341.901289	-341.883821	
2.508063	322.397234	322.34486	-341.901289	-341.883821	
2.519191	322.397234	322.34486	-341.901289	-341.883821	
2.530406	322.397234	322.34486	-341.901289	-341.883821	
2.54162	322.397234	322.34486	-341.901289	-341.883821	
2.552968	322.397234	322.34486	-341.901289	-341.883821	
2.564013	322.397234	322.34486	-341.901289	-341.883821	
2.584186	322.397234	322.353586	-341.901289	-341.883821	
2.588874	322.397234	322.362313	-341.901289	-341.883821	
2.598703	322.397234	322.362313	-341.901289	-341.883821	
2.609308	322.397234	322.379766	-341.901289	-341.883821	
