0.04922823	359.869438	359.869438	-379.443306	-379.443306	
0.05526713	359.869766	359.869438	-379.443633	-379.443306	
0.06504698	359.870981	359.869438	-379.444849	-379.443306	
0.07483282	359.872771	359.869438	-379.446639	-379.452033	
0.08456167	359.875117	359.878165	-379.448985	-379.452033	
0.1037554	359.882503	359.878165	-379.45637	-379.443306	
0.1083433	359.884192	359.886892	-379.45806	-379.443306	
0.1195201	359.889281	359.886892	-379.463148	-379.443306	
0.12879	359.893962	359.895618	-379.467829	-379.443306	
0.1387548	359.899612	359.895618	-379.47348	-379.443306	
0.1488057	359.905962	359.895618	-379.47983	-379.452033	
0.1590055	359.912947	359.895618	-379.486814	-379.452033	
0.1690963	359.92051	359.895618	-379.494377	-379.452033	
0.1793602	359.92884	359.895618	-379.502708	-379.460759	
0.190579	359.938735	359.895618	-379.512603	-379.460759	
0.2018218	359.949404	359.895618	-379.523272	-379.460759	
0.2129767	359.960735	359.895618	-379.534602	-379.460759	
0.2245215	359.973281	359.895618	-379.547149	-379.460759	
0.2353983	359.98578	359.895618	-379.559648	-379.460759	
0.2465951	359.999417	359.904345	-379.573284	-379.460759	
0.2579679	360.01405	359.904345	-379.587917	-379.460759	
0.2690028	360.028964	359.904345	-379.602832	-379.460759	
0.2805556	360.045401	359.904345	-379.619268	-379.469486	
0.2913954	360.0615	359.904345	-379.635368	-379.469486	
0.3025292	360.078793	359.913072	-379.652661	-379.478213	
0.3143131	360.097951	359.930525	-379.671819	-379.495666	
0.3255849	360.117026	359.939252	-379.690894	-379.513119	
0.3367047	360.136577	359.956705	-379.710445	-379.530572	
0.3478205	360.156857	359.974158	-379.730724	-379.556752	
0.3590324	360.178072	360.009065	-379.75194	-379.574206	
0.3702162	360.199988	360.026518	-379.773856	-379.609112	
0.3898399	360.241328	360.052698	-379.815195	-379.661472	
0.3944158	360.25079	360.087605	-379.824657	-379.678925	
0.4044516	360.272482	360.113785	-379.846349	-379.705105	
0.4147945	360.295507	360.148691	-379.869374	-379.740012	
0.4260273	360.321261	360.183598	-379.895129	-379.774919	
0.4372031	360.347652	360.218504	-379.921519	-379.818552	
0.4484439	360.374955	360.262138	-379.948823	-379.853458	
0.4595728	360.402724	360.305771	-379.976592	-379.897092	
0.4707236	360.431366	360.349404	-380.005234	-379.940725	
0.4822084	360.461534	360.393037	-380.035402	-379.984358	
0.4933372	360.491568	360.427944	-380.065436	-380.027991	
0.5045311	360.522513	360.46285	-380.09638	-380.062898	
0.5156659	360.554044	360.497757	-380.127911	-380.115258	
0.5268267	360.5864	360.54139	-380.160267	-380.158891	
0.5380535	360.619702	360.585023	-380.19357	-380.202524	
0.5492654	360.65372	360.637383	-380.227588	-380.246157	
0.5605042	360.688579	360.67229	-380.262447	-380.281064	
0.571596	360.723703	360.715923	-380.29757	-380.324697	
0.5831768	360.761213	360.759556	-380.335081	-380.359604	
0.5940707	360.797175	360.811916	-380.371042	-380.39451	
0.6052225	360.83475	360.846823	-380.408617	-380.429417	
0.6189373	360.882227	360.881729	-380.456094	-380.464324	
0.6275581	360.912332	360.925363	-380.4862	-380.490504	
0.638728	360.952214	360.968996	-380.526082	-380.516684	
0.6500468	360.993402	361.003902	-380.56727	-380.55159	
0.6611336	361.034483	361.038809	-380.60835	-380.586497	
0.6723734	361.076886	361.082442	-380.650754	-380.621403	
0.6839292	361.121278	361.117349	-380.695146	-380.65631	
0.6951801	361.165271	361.152255	-380.739139	-380.691216	
0.7063639	361.209738	361.187162	-380.783606	-380.726123	
0.7175567	361.254989	361.230795	-380.828856	-380.76103	
0.7287425	361.300978	361.265702	-380.874845	-380.795936	
0.7399594	361.347838	361.300608	-380.921706	-380.839569	
0.7510932	361.395101	361.335515	-380.968969	-380.883203	
0.762273	361.443311	361.370422	-381.017178	-380.926836	
0.7735328	361.492611	361.414055	-381.066479	-380.970469	
0.7847337	361.542417	361.466415	-381.116285	-381.022829	
0.7958925	361.592792	361.510048	-381.166659	-381.075189	
0.8071333	361.644292	361.562408	-381.21816	-381.127549	
0.8182961	361.696162	361.614768	-381.27003	-381.179909	
0.829452	361.748765	361.658401	-381.322632	-381.232269	
0.8406798	361.802451	361.719487	-381.376319	-381.293355	
0.8518356	361.856547	361.771847	-381.430415	-381.354442	
0.8631104	361.911987	361.824207	-381.485855	-381.424255	
0.8742693	361.96761	361.89402	-381.541477	-381.485341	
0.8854581	362.024119	361.955107	-381.597987	-381.555154	
0.8967259	362.081797	362.016193	-381.655665	-381.616241	
0.9078417	362.139418	362.07728	-381.713285	-381.686054	
0.9191035	362.198577	362.138366	-381.772444	-381.755867	
0.9305844	362.259711	362.20818	-381.833579	-381.82568	
0.9416062	362.319096	362.277993	-381.892963	-381.895494	
0.952769	362.37997	362.347806	-381.953837	-381.965307	
0.9639828	362.441878	362.417619	-382.015746	-382.026393	
0.9751707	362.504432	362.487432	-382.0783	-382.096206	
0.9863895	362.567888	362.557246	-382.141755	-382.16602	
0.9975633	362.63183	362.635785	-382.205698	-382.227106	
1.008783	362.696811	362.705599	-382.270678	-382.296919	
1.019896	362.761891	362.784138	-382.335758	-382.358006	
1.031125	362.828447	362.853951	-382.402315	-382.419092	
1.050844	362.948118	362.923765	-382.521986	-382.532539	
1.055312	362.975112	363.002304	-382.54898	-382.558719	
1.065447	363.037235	363.063391	-382.611102	-382.628532	
1.075897	363.099962	363.133204	-382.673829	-382.680892	
1.087123	363.166576	363.203017	-382.740444	-382.750705	
1.098286	363.232082	363.272831	-382.80595	-382.820518	
1.109455	363.296879	363.342644	-382.870746	-382.881605	
1.120662	363.361163	363.40373	-382.935031	-382.951418	
1.132057	363.425745	363.464817	-382.999613	-383.012504	
1.143271	363.488542	363.53463	-383.06241	-383.082318	
1.154455	363.550394	363.604443	-383.124262	-383.152131	
1.165617	363.611422	363.674256	-383.18529	-383.204491	
1.176796	363.671793	363.726616	-383.245661	-383.274304	
1.187928	363.731175	363.778976	-383.305042	-383.33539	
1.199193	363.790527	363.840063	-383.364394	-383.396477	
1.210346	363.848512	363.892422	-383.42238	-383.457563	
1.23232	363.959249	363.953509	-383.533117	-383.57101	
1.236748	363.981652	364.023322	-383.55552	-383.59719	
1.246995	364.032758	364.075682	-383.606625	-383.64955	
1.257082	364.082446	364.128042	-383.656314	-383.693183	
1.267244	364.131885	364.171675	-383.705753	-383.745543	
1.277402	364.180688	364.224035	-383.754556	-383.797903	
1.288628	364.233869	364.267668	-383.807737	-383.850262	
1.299806	364.286065	364.328755	-383.859933	-383.911349	
1.310997	364.337589	364.372388	-383.911457	-383.963709	
1.32215	364.388193	364.424748	-383.962061	-384.007342	
1.333752	364.440032	364.477108	-384.0139	-384.059702	
1.34493	364.489242	364.529468	-384.06311	-384.112062	
1.356047	364.53746	364.581827	-384.111327	-384.155695	
1.366896	364.583828	364.616734	-384.157695	-384.199328	
1.378163	364.631218	364.660367	-384.205086	-384.242961	
1.389381	364.677673	364.704	-384.251541	-384.286595	
1.400725	364.723866	364.747634	-384.297733	-384.321501	
1.411858	364.768479	364.791267	-384.342346	-384.365135	
1.423152	364.812984	364.826174	-384.386851	-384.400041	
1.434303	364.856201	364.86108	-384.430069	-384.443674	
1.445503	364.898861	364.895987	-384.472728	-384.478581	
1.456746	364.940942	364.930893	-384.51481	-384.513488	
1.467876	364.981869	364.974527	-384.555736	-384.548394	
1.479168	365.02265	365.009433	-384.596518	-384.592027	
1.4906	365.063172	365.053066	-384.637039	-384.626934	
1.501494	365.101087	365.087973	-384.674954	-384.66184	
1.512658	365.139205	365.131606	-384.713073	-384.705474	
1.523887	365.176805	365.175239	-384.750672	-384.74038	
1.535068	365.213513	365.210146	-384.78738	-384.775287	
1.546284	365.249605	365.245053	-384.823472	-384.810193	
1.557418	365.284707	365.288686	-384.858575	-384.8451	
1.568648	365.319376	365.332319	-384.893243	-384.880007	
1.579785	365.353059	365.367226	-384.926927	-384.914913	
1.591018	365.386244	365.402132	-384.960112	-384.94982	
1.602216	365.418611	365.445765	-384.992479	-384.993453	
1.613477	365.450429	365.471945	-385.024296	-385.02836	
1.624715	365.481464	365.506852	-385.055331	-385.063266	
1.635784	365.511299	365.541759	-385.085167	-385.089446	
1.646982	365.540762	365.567938	-385.11463	-385.124353	
1.658312	365.569816	365.602845	-385.143684	-385.159259	
1.669525	365.597859	365.629025	-385.171727	-385.185439	
1.680927	365.625613	365.663932	-385.19948	-385.211619	
1.692202	365.652334	365.690112	-385.226202	-385.237799	
1.703385	365.678111	365.716291	-385.251978	-385.263979	
1.714555	365.703138	365.733745	-385.277006	-385.281432	
1.725734	365.727472	365.768651	-385.30134	-385.298886	
1.736884	365.751033	365.786105	-385.324901	-385.325066	
1.748058	365.773926	365.803558	-385.347793	-385.351246	
1.759452	365.796528	365.812285	-385.370395	-385.368699	
1.77044	365.817636	365.829738	-385.391504	-385.386152	
1.781572	365.83832	365.838465	-385.412187	-385.403605	
1.793245	365.859221	365.855918	-385.433088	-385.421059	
1.80399	365.877829	365.873371	-385.451696	-385.438512	
1.815227	365.896568	365.873371	-385.470436	-385.455965	
1.826372	365.914455	365.890824	-385.488322	-385.473419	
1.83752	365.931647	365.899551	-385.505515	-385.482145	
1.848742	365.948242	365.908278	-385.522109	-385.490872	
1.860057	365.964262	365.917004	-385.538129	-385.508325	
1.871224	365.979388	365.934458	-385.553256	-385.517052	
1.88239	365.993825	365.943184	-385.567693	-385.525778	
1.894004	366.00808	365.951911	-385.581947	-385.543232	
1.905181	366.021129	365.969364	-385.594996	-385.551958	
1.91632	366.033456	365.978091	-385.607324	-385.569412	
1.927517	366.045174	365.995544	-385.619041	-385.578138	
1.938696	366.056196	366.012997	-385.630063	-385.595592	
1.949955	366.066624	366.012997	-385.640492	-385.613045	
1.96105	366.076249	366.039177	-385.650116	-385.621772	
1.972238	366.085294	366.047904	-385.659161	-385.639225	
1.983447	366.093707	366.056631	-385.667574	-385.647952	
1.994688	366.101492	366.074084	-385.67536	-385.665405	
2.00583	366.108586	366.082811	-385.682454	-385.674131	
2.017031	366.115091	366.091537	-385.688959	-385.682858	
2.028163	366.12095	366.108991	-385.694818	-385.700311	
2.039371	366.126246	366.117717	-385.700114	-385.700311	
2.05056	366.130946	366.117717	-385.704814	-385.717765	
2.061761	366.135084	366.117717	-385.708952	-385.717765	
2.07296	366.138673	366.126444	-385.712541	-385.717765	
2.084132	366.141732	366.13517	-385.7156	-385.726491	
2.095492	366.144327	366.13517	-385.718195	-385.726491	
2.106735	366.146433	366.13517	-385.720301	-385.726491	
2.117884	366.148106	366.13517	-385.721973	-385.726491	
2.129095	366.152638	366.13517	-385.726506	-385.726491	
