0.5464453	472.69708	472.696248	-487.514925	-487.514093	
0.5566662	472.698602	472.696248	-487.516447	-487.514093	
0.5771268	472.704799	472.696248	-487.522645	-487.514093	
0.5818548	472.706141	472.704975	-487.523987	-487.514093	
0.5919426	472.709781	472.704975	-487.527626	-487.514093	
0.6018465	472.713935	472.704975	-487.53178	-487.514093	
0.6119933	472.718818	472.713701	-487.536663	-487.52282	
0.6221521	472.724325	472.713701	-487.542171	-487.52282	
0.6342049	472.731805	472.713701	-487.549651	-487.52282	
0.6453758	472.73945	472.713701	-487.557295	-487.52282	
0.6562366	472.747579	472.713701	-487.565425	-487.52282	
0.6675204	472.756809	472.713701	-487.574654	-487.52282	
0.6787292	472.766726	472.713701	-487.584572	-487.52282	
0.6898831	472.777338	472.713701	-487.595183	-487.52282	
0.7010919	472.788762	472.713701	-487.606607	-487.52282	
0.7122627	472.800888	472.713701	-487.618734	-487.52282	
0.7234435	472.813851	472.722428	-487.631697	-487.52282	
0.7349713	472.827893	472.722428	-487.645738	-487.52282	
0.754469	472.854535	472.722428	-487.672381	-487.531547	
0.759227	472.860906	472.722428	-487.678751	-487.540273	
0.7690758	472.874909	472.722428	-487.692754	-487.540273	
0.7796626	472.890671	472.722428	-487.708516	-487.549	
0.7908175	472.908038	472.722428	-487.725883	-487.557727	
0.8020273	472.926247	472.739881	-487.744093	-487.57518	
0.8132391	472.94522	472.757334	-487.763065	-487.592633	
0.8243869	472.964822	472.774788	-487.782667	-487.610086	
0.8355728	472.985245	472.792241	-487.803091	-487.62754	
0.8468676	473.00664	472.827148	-487.824486	-487.65372	
0.8580184	473.028496	472.862054	-487.846342	-487.6799	
0.8692552	473.051285	472.896961	-487.86913	-487.70608	
0.880347	473.074518	472.931867	-487.892363	-487.732259	
0.8915559	473.09874	472.966774	-487.916585	-487.767166	
0.9027557	473.123703	473.001681	-487.941549	-487.802073	
0.9139625	473.149439	473.036587	-487.967284	-487.845706	
0.9251513	473.175884	473.071494	-487.993729	-487.889339	
0.9362852	473.202936	473.115127	-488.020781	-487.924246	
0.9562858	473.254479	473.176214	-488.072325	-487.994059	
0.9606838	473.265698	473.202393	-488.083543	-488.011512	
0.9708466	473.292479	473.2373	-488.110324	-488.046419	
0.9813594	473.320856	473.280933	-488.138701	-488.090052	
0.9930283	473.353205	473.31584	-488.17105	-488.142412	
1.003937	473.384131	473.350746	-488.201976	-488.186045	
1.014897	473.415911	473.385653	-488.233756	-488.229678	
1.026122	473.449249	473.438013	-488.267095	-488.273312	
1.03726	473.483061	473.472919	-488.300907	-488.316945	
1.048489	473.517926	473.516553	-488.335771	-488.360578	
1.059677	473.553377	473.551459	-488.371222	-488.404211	
1.070882	473.589665	473.595093	-488.40751	-488.447844	
1.082051	473.626564	473.629999	-488.444409	-488.482751	
1.093288	473.664451	473.664906	-488.482296	-488.517658	
1.104392	473.702656	473.699812	-488.520501	-488.552564	
1.115844	473.742817	473.734719	-488.560663	-488.587471	
1.126791	473.781913	473.769625	-488.599758	-488.622377	
1.138068	473.822984	473.804532	-488.640829	-488.657284	
1.149264	473.864498	473.839439	-488.682343	-488.683464	
1.160449	473.90671	473.874345	-488.724555	-488.709644	
1.171693	473.949925	473.909252	-488.76777	-488.735824	
1.18286	473.993581	473.944158	-488.811427	-488.762004	
1.194038	474.038027	473.979065	-488.855872	-488.788184	
1.205393	474.083985	474.013972	-488.90183	-488.814364	
1.216381	474.129121	474.057605	-488.946966	-488.840544	
1.227645	474.1762	474.101238	-488.994045	-488.87545	
1.238812	474.223592	474.153598	-489.041438	-488.910357	
1.250057	474.272095	474.188504	-489.08994	-488.95399	
1.261525	474.322374	474.249591	-489.140219	-489.00635	
1.27244	474.370872	474.293224	-489.188717	-489.049983	
1.283705	474.421731	474.345584	-489.239577	-489.102343	
1.294844	474.472776	474.397944	-489.290621	-489.154703	
1.314539	474.566018	474.459031	-489.383863	-489.250696	
1.318976	474.5867	474.520117	-489.404545	-489.276876	
1.329165	474.635481	474.572477	-489.453327	-489.337962	
1.339714	474.686606	474.633563	-489.504451	-489.399049	
1.351034	474.742323	474.69465	-489.560169	-489.468862	
1.362223	474.798078	474.755736	-489.615923	-489.529949	
1.373434	474.854732	474.816823	-489.672577	-489.599762	
1.384536	474.911577	474.886636	-489.729422	-489.669575	
1.395764	474.969801	474.938996	-489.787647	-489.739388	
1.406959	475.028637	475.008809	-489.846483	-489.817928	
1.41819	475.088388	475.069896	-489.906233	-489.896468	
1.42943	475.148978	475.130982	-489.966823	-489.966281	
1.440722	475.210576	475.200795	-490.028421	-490.044821	
1.45205	475.274616	475.270609	-490.092461	-490.123361	
1.463284	475.335993	475.331695	-490.153838	-490.193174	
1.474506	475.399509	475.401508	-490.217354	-490.262987	
1.48564	475.463257	475.471321	-490.281102	-490.341527	
1.496788	475.527836	475.532408	-490.345682	-490.402613	
1.508387	475.595852	475.602221	-490.413697	-490.472426	
1.519676	475.662815	475.672034	-490.480661	-490.54224	
1.530865	475.729903	475.741848	-490.547749	-490.603326	
1.54217	475.798495	475.811661	-490.61634	-490.664413	
1.553195	475.866133	475.881474	-490.683978	-490.734226	
1.564413	475.933371	475.951287	-490.751217	-490.786586	
1.575627	475.999871	476.0211	-490.817717	-490.847672	
1.586793	476.065344	476.090913	-490.88319	-490.908759	
1.59802	476.130432	476.160727	-490.948278	-490.961119	
1.610917	476.204173	476.239266	-491.022018	-491.030932	
1.620536	476.25866	476.30908	-491.076505	-491.083292	
1.631602	476.320598	476.370166	-491.138443	-491.135652	
1.642744	476.382214	476.439979	-491.200059	-491.196738	
1.653999	476.443723	476.501066	-491.261568	-491.257825	
1.665116	476.503698	476.562152	-491.321543	-491.310184	
1.676309	476.563372	476.631965	-491.381217	-491.371271	
1.687588	476.622744	476.693052	-491.440589	-491.432357	
1.698726	476.680615	476.754138	-491.49846	-491.484717	
1.709901	476.737949	476.806498	-491.555795	-491.554531	
1.721078	476.794556	476.867585	-491.612401	-491.60689	
1.732278	476.850522	476.911218	-491.668368	-491.667977	
1.743528	476.905995	476.972305	-491.72384	-491.729063	
1.755095	476.962239	477.015938	-491.780084	-491.79015	
1.765861	477.013888	477.068298	-491.831733	-491.84251	
1.777005	477.066616	477.120658	-491.884462	-491.903596	
1.788245	477.119055	477.155564	-491.936901	-491.955956	
1.799477	477.170713	477.207924	-491.988559	-492.008316	
1.81069	477.221521	477.260284	-492.039367	-492.060676	
1.82186	477.271405	477.295191	-492.08925	-492.113036	
1.833026	477.320528	477.330097	-492.138374	-492.165396	
1.844227	477.369079	477.382457	-492.186924	-492.209029	
1.855459	477.417011	477.417364	-492.234856	-492.261389	
1.866604	477.463955	477.469723	-492.2818	-492.305022	
1.877853	477.51033	477.50463	-492.328175	-492.357382	
1.889047	477.555858	477.548263	-492.373703	-492.409742	
1.900234	477.600639	477.591897	-492.418484	-492.453375	
1.911463	477.644822	477.63553	-492.462668	-492.497008	
1.922675	477.688213	477.679163	-492.506059	-492.531915	
1.933833	477.730667	477.71407	-492.548512	-492.575548	
1.944989	477.772375	477.748976	-492.59022	-492.619181	
1.956573	477.814871	477.783883	-492.632717	-492.654088	
1.967473	477.854178	477.827516	-492.672023	-492.688995	
1.97867	477.893815	477.871149	-492.71166	-492.723901	
1.989836	477.932617	477.923509	-492.750463	-492.758808	
2.00097	477.970565	477.958416	-492.78841	-492.793714	
2.012166	478.008	477.993322	-492.825845	-492.837348	
2.023407	478.044832	478.036955	-492.862678	-492.872254	
2.034677	478.081031	478.071862	-492.898876	-492.907161	
2.045743	478.115854	478.115495	-492.9337	-492.933341	
2.056878	478.150176	478.150402	-492.968022	-492.968247	
2.068113	478.184051	478.185308	-493.001896	-493.003154	
2.079346	478.21718	478.220215	-493.035025	-493.03806	
2.090504	478.249478	478.255122	-493.067323	-493.072967	
2.101679	478.280885	478.290028	-493.098731	-493.107874	
2.112814	478.311566	478.324935	-493.129411	-493.14278	
2.124086	478.341882	478.359841	-493.159728	-493.177687	
2.135235	478.371151	478.394748	-493.188996	-493.203867	
2.14642	478.399779	478.420928	-493.217624	-493.238773	
2.157632	478.427757	478.447108	-493.245602	-493.264953	
2.169166	478.455746	478.482014	-493.273591	-493.29986	
2.180347	478.482179	478.516921	-493.300024	-493.32604	
2.191609	478.508064	478.534374	-493.32591	-493.35222	
2.203794	478.535184	478.551828	-493.353029	-493.369673	
2.215334	478.560126	478.578008	-493.377972	-493.395853	
2.226186	478.582922	478.595461	-493.400767	-493.422033	
2.237394	478.605744	478.621641	-493.423589	-493.439486	
2.248584	478.627803	478.621641	-493.445648	-493.456939	
2.259803	478.649209	478.639094	-493.467055	-493.465666	
2.27117	478.67016	478.656547	-493.488005	-493.483119	
2.282318	478.689993	478.674001	-493.507838	-493.491846	
2.293551	478.709272	478.691454	-493.527117	-493.509299	
2.304676	478.72767	478.708907	-493.545515	-493.518026	
2.315868	478.745471	478.726361	-493.563316	-493.526753	
2.32704	478.762543	478.743814	-493.580388	-493.544206	
2.33828	478.779	478.761267	-493.596846	-493.552933	
2.349528	478.794771	478.769994	-493.612616	-493.561659	
2.36063	478.809652	478.787447	-493.627497	-493.579112	
2.371858	478.824007	478.796174	-493.641852	-493.587839	
2.38301	478.837579	478.813627	-493.655425	-493.605292	
2.394224	478.85054	478.822354	-493.668386	-493.614019	
2.405432	478.862806	478.83108	-493.680651	-493.631472	
2.416737	478.874488	478.83108	-493.692333	-493.640199	
2.427845	478.885306	478.848534	-493.703151	-493.657652	
2.43905	478.895549	478.85726	-493.713395	-493.666379	
2.450234	478.905108	478.865987	-493.722953	-493.683832	
2.461426	478.91402	478.865987	-493.731866	-493.701286	
2.472605	478.922271	478.874714	-493.740116	-493.718739	
2.483852	478.929926	478.88344	-493.747772	-493.727465	
2.495023	478.936902	478.900893	-493.754748	-493.744919	
2.506169	478.943243	478.900893	-493.761088	-493.753645	
2.517375	478.949006	478.918347	-493.766851	-493.771099	
2.528577	478.954166	478.927073	-493.772012	-493.788552	
2.539858	478.95877	478.9358	-493.776616	-493.797279	
2.550993	478.962761	478.944527	-493.780606	-493.806005	
2.562142	478.966218	478.953253	-493.784063	-493.814732	
2.576142	478.969658	478.970707	-493.787503	-493.823459	
2.587245	478.972	478.970707	-493.789845	-493.823459	
2.598535	478.97393	478.970707	-493.791775	-493.823459	
2.611687	478.979448	478.970707	-493.797293	-493.823459	
2.620856	478.979448	478.970707	-493.797293	-493.823459	
2.632024	478.979448	478.970707	-493.797293	-493.823459	
2.643197	478.979448	478.970707	-493.797293	-493.823459	
2.654444	478.979448	478.970707	-493.797293	-493.823459	
2.66559	478.979448	478.96198	-493.797293	-493.823459	
2.67677	478.979448	478.953253	-493.797293	-493.823459	
2.688055	478.979448	478.953253	-493.797293	-493.823459	
2.699205	478.979448	478.953253	-493.797293	-493.823459	
2.710381	478.979448	478.953253	-493.797293	-493.823459	
2.72158	478.979448	478.953253	-493.797293	-493.823459	
2.732761	478.979448	478.96198	-493.797293	-493.823459	
2.744011	478.979448	478.970707	-493.797293	-493.823459	
2.755169	478.979448	478.970707	-493.797293	-493.823459	
2.766664	478.979448	478.970707	-493.797293	-493.823459	
2.777562	478.979448	478.970707	-493.797293	-493.823459	
2.788718	478.979448	478.96198	-493.797293	-493.823459	
2.799955	478.979448	478.96198	-493.797293	-493.823459	
2.811113	478.979448	478.96198	-493.797293	-493.823459	
2.8223	478.979448	478.96198	-493.797293	-493.823459	
2.833545	478.979448	478.96198	-493.797293	-493.823459	
2.844695	478.979448	478.96198	-493.797293	-493.823459	
2.855869	478.979448	478.96198	-493.797293	-493.823459	
2.867038	478.979448	478.96198	-493.797293	-493.823459	
2.878275	478.979448	478.96198	-493.797293	-493.823459	
2.889463	478.979448	478.96198	-493.797293	-493.823459	
2.900682	478.979448	478.96198	-493.797293	-493.823459	
2.911958	478.979448	478.96198	-493.797293	-493.823459	
2.923267	478.979448	478.96198	-493.797293	-493.823459	
2.934415	478.979448	478.96198	-493.797293	-493.823459	
2.945587	478.979448	478.96198	-493.797293	-493.823459	
2.95673	478.979448	478.96198	-493.797293	-493.823459	
2.968397	478.979448	478.96198	-493.797293	-493.823459	
2.979583	478.979448	478.96198	-493.797293	-493.823459	
2.991002	478.979448	478.96198	-493.797293	-493.823459	
3.002133	478.979448	478.96198	-493.797293	-493.823459	
3.013356	478.979448	478.96198	-493.797293	-493.823459	
3.024509	478.979448	478.96198	-493.797293	-493.823459	
3.035684	478.979448	478.96198	-493.797293	-493.823459	
3.046903	478.979448	478.96198	-493.797293	-493.823459	
3.058103	478.979448	478.96198	-493.797293	-493.823459	
3.069361	478.979448	478.96198	-493.797293	-493.823459	
3.080461	478.979448	478.96198	-493.797293	-493.823459	
3.091886	478.979448	478.96198	-493.797293	-493.823459	
3.103043	478.979448	478.96198	-493.797293	-493.823459	
3.114192	478.979448	478.96198	-493.797293	-493.823459	
3.125412	478.979448	478.96198	-493.797293	-493.823459	
3.136554	478.979448	478.96198	-493.797293	-493.823459	
3.147738	478.979448	478.96198	-493.797293	-493.823459	
3.159043	478.979448	478.96198	-493.797293	-493.823459	
3.170239	478.979448	478.96198	-493.797293	-493.823459	
3.181438	478.979448	478.96198	-493.797293	-493.823459	
3.192563	478.979448	478.96198	-493.797293	-493.823459	
3.203748	478.979448	478.96198	-493.797293	-493.823459	
3.215734	478.979448	478.96198	-493.797293	-493.823459	
3.226146	478.979448	478.96198	-493.797293	-493.823459	
3.237346	478.979448	478.96198	-493.797293	-493.823459	
3.248522	478.979448	478.96198	-493.797293	-493.823459	
3.259669	478.979448	478.96198	-493.797293	-493.823459	
3.270928	478.979448	478.96198	-493.797293	-493.823459	
3.282103	478.979448	478.96198	-493.797293	-493.823459	
3.293356	478.979448	478.96198	-493.797293	-493.823459	
3.304469	478.979448	478.96198	-493.797293	-493.823459	
3.315642	478.979448	478.96198	-493.797293	-493.823459	
3.326885	478.979448	478.96198	-493.797293	-493.823459	
3.3381	478.979448	478.96198	-493.797293	-493.823459	
3.349328	478.979448	478.96198	-493.797293	-493.823459	
3.360393	478.979448	478.96198	-493.797293	-493.823459	
3.371603	478.979448	478.96198	-493.797293	-493.823459	
3.382812	478.979448	478.96198	-493.797293	-493.823459	
3.393977	478.979448	478.96198	-493.797293	-493.823459	
3.405178	478.979448	478.96198	-493.797293	-493.823459	
3.416645	478.979448	478.96198	-493.797293	-493.823459	
3.436744	478.979448	478.96198	-493.797293	-493.823459	
3.441266	478.979448	478.96198	-493.797293	-493.823459	
3.45132	478.979448	478.96198	-493.797293	-493.823459	
3.461666	478.979448	478.96198	-493.797293	-493.823459	
3.472848	478.979448	478.96198	-493.797293	-493.823459	
3.484099	478.979448	478.96198	-493.797293	-493.823459	
3.495262	478.979448	478.96198	-493.797293	-493.823459	
3.506418	478.979448	478.96198	-493.797293	-493.823459	
3.518095	478.979448	478.96198	-493.797293	-493.823459	
3.528837	478.979448	478.96198	-493.797293	-493.823459	
3.54007	478.979448	478.96198	-493.797293	-493.823459	
3.551264	478.979448	478.96198	-493.797293	-493.823459	
3.562404	478.979448	478.96198	-493.797293	-493.823459	
3.57369	478.979448	478.96198	-493.797293	-493.823459	
3.584861	478.979448	478.96198	-493.797293	-493.823459	
3.596095	478.979448	478.96198	-493.797293	-493.823459	
3.607177	478.979448	478.96198	-493.797293	-493.823459	
3.619054	478.979448	478.96198	-493.797293	-493.823459	
3.630038	478.979448	478.96198	-493.797293	-493.823459	
3.641203	478.979448	478.96198	-493.797293	-493.823459	
3.652409	478.979448	478.96198	-493.797293	-493.823459	
3.663877	478.979448	478.96198	-493.797293	-493.823459	
3.674867	478.979448	478.96198	-493.797293	-493.823459	
3.686008	478.979448	478.96198	-493.797293	-493.823459	
3.697068	478.979448	478.96198	-493.797293	-493.823459	
3.708495	478.979448	478.96198	-493.797293	-493.823459	
3.720552	478.979448	478.96198	-493.797293	-493.823459	
3.731408	478.979448	478.96198	-493.797293	-493.823459	
3.742799	478.979448	478.96198	-493.797293	-493.823459	
3.753938	478.979448	478.96198	-493.797293	-493.823459	
3.765344	478.979448	478.96198	-493.797293	-493.823459	
3.776319	478.979448	478.96198	-493.797293	-493.823459	
3.787489	478.979448	478.96198	-493.797293	-493.823459	
3.798889	478.979448	478.96198	-493.797293	-493.823459	
3.81035	478.979448	478.96198	-493.797293	-493.823459	
3.821415	478.979448	478.96198	-493.797293	-493.823459	
3.832524	478.979448	478.96198	-493.797293	-493.823459	
3.843714	478.979448	478.96198	-493.797293	-493.823459	
3.854923	478.979448	478.96198	-493.797293	-493.823459	
3.866526	478.979448	478.96198	-493.797293	-493.823459	
3.877258	478.979448	478.96198	-493.797293	-493.823459	
3.888503	478.979448	478.96198	-493.797293	-493.823459	
3.899694	478.979448	478.96198	-493.797293	-493.823459	
3.91112	478.979448	478.96198	-493.797293	-493.823459	
3.922289	478.979448	478.96198	-493.797293	-493.823459	
3.933524	478.979448	478.96198	-493.797293	-493.823459	
3.944669	478.979448	478.96198	-493.797293	-493.823459	
3.955827	478.979448	478.96198	-493.797293	-493.823459	
3.967072	478.979448	478.96198	-493.797293	-493.823459	
3.978319	478.979448	478.96198	-493.797293	-493.823459	
3.989542	478.979448	478.96198	-493.797293	-493.823459	
4.000697	478.979448	478.96198	-493.797293	-493.823459	
4.012049	478.979448	478.96198	-493.797293	-493.823459	
4.02324	478.979448	478.96198	-493.797293	-493.823459	
4.034421	478.979448	478.96198	-493.797293	-493.823459	
4.045639	478.979448	478.96198	-493.797293	-493.823459	
4.056744	478.979448	478.96198	-493.797293	-493.823459	
4.0684	478.979448	478.96198	-493.797293	-493.823459	
4.079656	478.979448	478.96198	-493.797293	-493.823459	
4.090848	478.979448	478.96198	-493.797293	-493.814732	
