0.03330846	416.103947	416.103947	-435.895981	-435.895981	
0.03795838	416.104141	416.103947	-435.896175	-435.895981	
0.04817522	416.105366	416.103947	-435.8974	-435.895981	
0.05847405	416.10724	416.103947	-435.899273	-435.895981	
0.06842489	416.109631	416.103947	-435.901664	-435.895981	
0.07861472	416.112712	416.103947	-435.904746	-435.895981	
0.08959554	416.116781	416.103947	-435.908815	-435.895981	
0.1007524	416.121669	416.103947	-435.913703	-435.895981	
0.1124422	416.12763	416.103947	-435.919663	-435.895981	
0.123619	416.13406	416.112674	-435.926093	-435.895981	
0.1348598	416.141288	416.112674	-435.933322	-435.895981	
0.1459536	416.149153	416.112674	-435.941187	-435.895981	
0.1570694	416.157779	416.112674	-435.949813	-435.895981	
0.1767361	416.175867	416.112674	-435.9679	-435.895981	
0.1810761	416.179766	416.112674	-435.9718	-435.895981	
0.1918979	416.19042	416.112674	-435.982454	-435.904707	
0.2020707	416.201028	416.112674	-435.993061	-435.904707	
0.2136275	416.213933	416.1214	-436.005967	-435.904707	
0.2245733	416.226847	416.1214	-436.018881	-435.913434	
0.2357562	416.240807	416.130127	-436.03284	-435.913434	
0.246974	416.255565	416.130127	-436.047599	-435.922161	
0.2581228	416.270982	416.138854	-436.063016	-435.930887	
0.2693536	416.287262	416.138854	-436.079295	-435.939614	
0.2805614	416.304264	416.156307	-436.096297	-435.948341	
0.2918152	416.322097	416.17376	-436.114131	-435.965794	
0.3030201	416.340607	416.17376	-436.132641	-435.983247	
0.3141739	416.359779	416.19994	-436.151812	-436.0007	
0.3254617	416.379944	416.217393	-436.171977	-436.02688	
0.3377445	416.402832	416.243573	-436.194866	-436.05306	
0.3489623	416.424457	416.27848	-436.216491	-436.070514	
0.3606171	416.447755	416.30466	-436.239789	-436.087967	
0.371318	416.469796	416.33084	-436.26183	-436.114147	
0.3825868	416.493793	416.35702	-436.285826	-436.140327	
0.3937566	416.518321	416.3832	-436.310355	-436.175233	
0.4049214	416.543596	416.418106	-436.33563	-436.201413	
0.4161562	416.569775	416.453013	-436.361809	-436.245047	
0.427294	416.596476	416.487919	-436.38851	-436.279953	
0.4387309	416.624699	416.531553	-436.416733	-436.31486	
0.4498177	416.652764	416.566459	-436.444798	-436.358493	
0.4610155	416.681882	416.610092	-436.473916	-436.402126	
0.4723343	416.712074	416.644999	-436.504107	-436.445759	
0.4834541	416.742475	416.688632	-436.534509	-436.489393	
0.4947119	416.774027	416.732265	-436.566061	-436.533026	
0.5058148	416.805871	416.767172	-436.597905	-436.576659	
0.5170156	416.838752	416.802079	-436.630786	-436.620292	
0.5368843	416.899988	416.871892	-436.692022	-436.698832	
0.5412722	416.913407	416.898072	-436.705441	-436.716285	
0.551469	416.945418	416.932978	-436.737452	-436.751192	
0.5623588	416.980335	416.967885	-436.772369	-436.794825	
0.5736087	417.017188	417.011518	-436.809221	-436.838458	
0.5847915	417.054566	417.046425	-436.846599	-436.873365	
0.5959993	417.092785	417.081331	-436.884819	-436.908272	
0.6071821	417.131662	417.116238	-436.923696	-436.943178	
0.6183939	417.171392	417.151145	-436.963425	-436.978085	
0.6296347	417.211997	417.186051	-437.004031	-437.012991	
0.6410146	417.253891	417.229684	-437.045925	-437.039171	
0.6522034	417.295935	417.273318	-437.087968	-437.074078	
0.6634892	417.338863	417.316951	-437.130896	-437.100258	
0.674568	417.381842	417.360584	-437.173876	-437.135164	
0.6857958	417.42618	417.395491	-437.218214	-437.170071	
0.6970446	417.471362	417.430397	-437.263395	-437.204978	
0.7082115	417.517077	417.47403	-437.30911	-437.239884	
0.7194223	417.563484	417.517664	-437.355518	-437.283517	
0.7305781	417.61053	417.561297	-437.402563	-437.318424	
0.7420369	417.65966	417.60493	-437.451694	-437.362057	
0.7532417	417.70842	417.648563	-437.500453	-437.40569	
0.7644495	417.757964	417.692197	-437.549997	-437.449324	
0.7756604	417.808271	417.744556	-437.600304	-437.501684	
0.7868302	417.85915	417.78819	-437.651184	-437.554043	
0.798032	417.910915	417.84055	-437.702949	-437.606403	
0.8094018	417.964262	417.884183	-437.756296	-437.658763	
0.8204506	418.016801	417.953996	-437.808835	-437.711123	
0.8317065	418.071106	417.997629	-437.86314	-437.77221	
0.8428133	418.125413	418.058716	-437.917447	-437.833296	
0.8540001	418.180885	418.119802	-437.972918	-437.903109	
0.8657079	418.239754	418.180889	-438.031788	-437.972922	
0.8769237	418.296908	418.241975	-438.088942	-438.042736	
0.8881195	418.354722	418.303062	-438.146756	-438.112549	
0.8992783	418.41306	418.372875	-438.205094	-438.173635	
0.9107802	418.474018	418.442688	-438.266052	-438.252175	
0.921723	418.532703	418.503775	-438.324737	-438.321988	
0.9329248	418.593538	418.564861	-438.385572	-438.391802	
0.9441296	418.65516	418.634674	-438.447194	-438.461615	
0.9552714	418.717156	418.687034	-438.50919	-438.522701	
0.9664883	418.780349	418.756847	-438.572383	-438.592514	
0.9776591	418.844002	418.826661	-438.636036	-438.662328	
0.9888179	418.908362	418.896474	-438.700396	-438.732141	
1.000017	418.973683	418.966287	-438.765717	-438.793227	
1.011111	419.039144	419.0361	-438.831178	-438.86304	
1.022559	419.107487	419.105913	-438.89952	-438.924127	
1.034044	419.176867	419.175726	-438.968901	-438.985213	
1.044904	419.243099	419.24554	-439.035133	-439.0463	
1.056118	419.310064	419.324079	-439.102097	-439.116113	
1.067234	419.375711	419.402619	-439.167744	-439.1772	
1.079003	419.44441	419.472432	-439.236443	-439.247013	
1.090192	419.50897	419.542246	-439.301004	-439.308099	
1.101324	419.572501	419.612059	-439.364535	-439.369186	
1.112585	419.636006	419.681872	-439.428039	-439.438999	
1.123808	419.698571	419.751685	-439.490605	-439.500086	
1.135048	419.760498	419.821498	-439.552532	-439.561172	
1.146183	419.821114	419.882585	-439.613148	-439.622259	
1.157377	419.881328	419.943671	-439.673362	-439.683345	
1.168593	419.940935	420.013484	-439.732968	-439.753158	
1.179803	419.999745	420.074571	-439.791778	-439.805518	
1.191018	420.057872	420.126931	-439.849906	-439.866605	
1.202188	420.115014	420.188017	-439.907048	-439.927691	
1.213364	420.171483	420.240377	-439.963517	-439.988778	
1.22463	420.227649	420.292737	-440.019682	-440.049864	
1.235817	420.282693	420.345097	-440.074727	-440.102224	
1.247054	420.337251	420.397457	-440.129285	-440.163311	
1.258208	420.390684	420.432364	-440.182718	-440.224397	
1.269398	420.443586	420.484723	-440.23562	-440.276757	
1.280615	420.495827	420.537083	-440.287861	-440.329117	
1.291869	420.54753	420.580716	-440.339564	-440.381477	
1.303106	420.598425	420.62435	-440.390459	-440.442563	
1.314221	420.648045	420.67671	-440.440078	-440.486197	
1.325458	420.69748	420.711616	-440.489513	-440.52983	
1.337792	420.750846	420.763976	-440.54288	-440.58219	
1.347819	420.793657	420.807609	-440.585691	-440.625823	
1.359302	420.841925	420.851243	-440.633958	-440.66073	
1.370767	420.889318	420.886149	-440.681352	-440.704363	
1.381733	420.933975	420.938509	-440.726008	-440.747996	
1.39302	420.979194	420.990869	-440.771228	-440.782903	
1.404192	421.023238	421.025775	-440.815271	-440.826536	
1.415582	421.067397	421.060682	-440.859431	-440.870169	
1.426537	421.109156	421.104315	-440.90119	-440.905076	
1.437748	421.151182	421.147949	-440.943216	-440.948709	
1.448948	421.192439	421.182855	-440.984473	-440.983615	
1.460498	421.234213	421.226488	-441.026246	-441.018522	
1.480008	421.302106	421.305028	-441.09414	-441.088335	
1.484411	421.317478	421.313755	-441.109511	-441.105789	
1.49457	421.352273	421.348661	-441.144307	-441.140695	
1.505119	421.387728	421.392295	-441.179761	-441.166875	
1.516272	421.424484	421.427201	-441.216518	-441.201782	
1.527458	421.460619	421.462108	-441.252653	-441.245415	
1.538593	421.495882	421.505741	-441.287916	-441.280321	
1.549508	421.52979	421.540648	-441.321823	-441.306501	
1.561302	421.565581	421.575554	-441.357615	-441.350135	
1.572615	421.599192	421.610461	-441.391226	-441.385041	
1.583786	421.631678	421.636641	-441.423711	-441.419948	
1.594989	421.663535	421.671547	-441.455568	-441.454854	
1.606175	421.694632	421.697727	-441.486666	-441.489761	
1.617403	421.725123	421.732634	-441.517156	-441.524668	
1.628594	421.754808	421.758814	-441.546842	-441.550847	
1.641338	421.787932	421.79372	-441.579965	-441.585754	
1.651643	421.813625	421.828627	-441.605659	-441.620661	
1.66281	421.841068	421.863533	-441.633101	-441.646841	
1.673997	421.867854	421.889713	-441.659887	-441.673021	
1.685182	421.893927	421.915893	-441.68596	-441.6992	
1.696451	421.919481	421.942073	-441.711515	-441.72538	
1.70758	421.944014	421.968253	-441.736048	-441.742834	
1.719147	421.968741	421.994433	-441.760774	-441.760287	
1.729926	421.991151	422.011886	-441.783185	-441.786467	
1.741126	422.013727	422.038066	-441.80576	-441.80392	
1.752416	422.035767	422.046793	-441.8278	-441.812647	
1.763519	422.056756	422.064246	-441.84879	-441.8301	
1.774686	422.07717	422.072973	-441.869203	-441.847553	
1.785867	422.096904	422.090426	-441.888938	-441.865007	
1.797028	422.11592	422.10788	-441.907954	-441.873733	
1.808323	422.134454	422.116606	-441.926488	-441.891187	
1.819437	422.152015	422.13406	-441.944049	-441.90864	
1.830632	422.169007	422.142786	-441.96104	-441.917367	
1.841862	422.185358	422.160239	-441.977392	-441.93482	
1.853071	422.200994	422.177693	-441.993028	-441.952273	
1.864292	422.21596	422.177693	-442.007994	-441.969726	
1.875449	422.230166	422.195146	-442.0222	-441.98718	
1.88663	422.243729	422.212599	-442.035763	-441.995906	
1.897824	422.256632	422.212599	-442.048665	-442.01336	
1.908964	422.268811	422.230053	-442.060845	-442.022086	
1.920611	422.280813	422.247506	-442.072846	-442.030813	
1.931345	422.291283	422.247506	-442.083317	-442.03954	
1.9426	422.301587	422.264959	-442.093621	-442.048266	
1.953766	422.311163	422.273686	-442.103197	-442.056993	
1.964943	422.320105	422.282413	-442.112138	-442.074446	
1.976151	422.32843	422.291139	-442.120463	-442.083173	
1.987345	422.336113	422.299866	-442.128147	-442.0919	
1.998526	422.343168	422.317319	-442.135201	-442.109353	
2.009708	422.349607	422.317319	-442.141641	-442.126806	
2.020904	422.355455	422.326046	-442.147488	-442.135533	
2.032151	422.360728	422.334772	-442.152762	-442.144259	
2.043323	422.365396	422.352226	-442.157429	-442.161713	
2.054537	422.369518	422.352226	-442.161552	-442.161713	
2.065685	422.373083	422.360952	-442.165117	-442.179166	
2.076906	422.376151	422.369679	-442.168184	-442.179166	
2.088071	422.378715	422.378406	-442.170749	-442.187893	
2.09923	422.380825	422.387132	-442.172859	-442.196619	
2.110393	422.382518	422.387132	-442.174552	-442.196619	
2.122435	422.387147	422.387132	-442.179181	-442.196619	
