0.03290844	259.905706	259.905706	-279.27886	-279.27886	
0.03759036	259.905903	259.905706	-279.279057	-279.27886	
0.04798518	259.907166	259.905706	-279.280321	-279.27886	
0.058351	259.909072	259.905706	-279.282227	-279.27886	
0.06801784	259.911386	259.905706	-279.284541	-279.27886	
0.07819966	259.914463	259.914432	-279.287618	-279.27886	
0.08927648	259.918578	259.914432	-279.291732	-279.27886	
0.1004993	259.923506	259.914432	-279.296661	-279.287587	
0.1116551	259.92915	259.914432	-279.302305	-279.287587	
0.1230829	259.935727	259.914432	-279.308882	-279.287587	
0.1342467	259.942885	259.914432	-279.316039	-279.296314	
0.1454095	259.950793	259.914432	-279.323948	-279.296314	
0.1567343	259.959596	259.914432	-279.332751	-279.296314	
0.1677611	259.968878	259.914432	-279.342033	-279.296314	
0.1789839	259.979094	259.914432	-279.352249	-279.296314	
0.1901718	259.990023	259.914432	-279.363178	-279.296314	
0.2012806	260.001614	259.914432	-279.374769	-279.296314	
0.2125104	260.014096	259.914432	-279.387251	-279.296314	
0.2239252	260.027574	259.914432	-279.400729	-279.296314	
0.23508	260.041471	259.923159	-279.414625	-279.296314	
0.2462958	260.056208	259.923159	-279.429362	-279.30504	
0.2579636	260.072374	259.923159	-279.445529	-279.30504	
0.2687254	260.087945	259.931885	-279.4611	-279.30504	
0.2798792	260.104848	259.931885	-279.478002	-279.313767	
0.291099	260.122608	259.940612	-279.495763	-279.322493	
0.3023218	260.14112	259.958065	-279.514275	-279.339947	
0.3135256	260.160361	259.975519	-279.533515	-279.3574	
0.3249494	260.180779	260.001699	-279.553933	-279.374853	
0.3360883	260.201403	260.027879	-279.574558	-279.392307	
0.3472761	260.222881	260.054059	-279.596036	-279.418487	
0.3584429	260.245073	260.088965	-279.618227	-279.444667	
0.3696917	260.268174	260.123872	-279.641329	-279.470846	
0.3808895	260.291936	260.158778	-279.665091	-279.505753	
0.3920503	260.316353	260.193685	-279.689508	-279.54066	
0.4032471	260.341609	260.237318	-279.714763	-279.575566	
0.4144689	260.367675	260.272225	-279.74083	-279.610473	
0.4256637	260.394437	260.307131	-279.767591	-279.654106	
0.4368805	260.422002	260.350765	-279.795156	-279.689013	
0.4479923	260.450043	260.385671	-279.823198	-279.732646	
0.4596471	260.480298	260.420578	-279.853452	-279.776279	
0.470916	260.510283	260.455484	-279.883437	-279.819912	
0.4834807	260.544727	260.507844	-279.917882	-279.863546	
0.4946935	260.576172	260.542751	-279.949326	-279.915905	
0.5058214	260.608127	260.577657	-279.981282	-279.950812	
0.5170192	260.641023	260.621291	-280.014178	-279.994445	
0.528071	260.674228	260.664924	-280.047382	-280.038078	
0.5387288	260.706911	260.69983	-280.080066	-280.081712	
0.5499346	260.742057	260.734737	-280.115211	-280.125345	
0.5608304	260.776913	260.769644	-280.150067	-280.160252	
0.5720192	260.813491	260.80455	-280.186645	-280.195158	
0.583261	260.850978	260.839457	-280.224133	-280.230065	
0.5944358	260.889006	260.874363	-280.262161	-280.264971	
0.6056307	260.927858	260.90927	-280.301013	-280.299878	
0.6168005	260.967354	260.944176	-280.340509	-280.334784	
0.6279803	261.007657	260.979083	-280.380812	-280.369691	
0.6393341	261.04934	261.01399	-280.422495	-280.404598	
0.6505039	261.091113	261.057623	-280.464268	-280.439504	
0.6617067	261.133744	261.092529	-280.506899	-280.474411	
0.6728835	261.17704	261.127436	-280.550195	-280.509317	
0.6840933	261.221219	261.162343	-280.594374	-280.544224	
0.6953521	261.266342	261.197249	-280.639496	-280.579131	
0.7066559	261.312429	261.240882	-280.685584	-280.614037	
0.7177087	261.358206	261.284516	-280.73136	-280.648944	
0.7379044	261.444866	261.363055	-280.818021	-280.718757	
0.7424123	261.464104	261.380509	-280.837259	-280.73621	
0.7525191	261.508049	261.424142	-280.881204	-280.779843	
0.762926	261.553971	261.467775	-280.927125	-280.823477	
0.7741868	261.604422	261.511408	-280.977577	-280.875837	
0.7852676	261.654807	261.563768	-281.027962	-280.928196	
0.7964824	261.706565	261.616128	-281.079719	-280.980556	
0.8079762	261.760422	261.677215	-281.133576	-281.041643	
0.8276299	261.855297	261.781935	-281.228451	-281.137636	
0.8320008	261.876282	261.808114	-281.249437	-281.172542	
0.8421876	261.926231	261.860474	-281.299386	-281.224902	
0.8528594	261.978911	261.921561	-281.352066	-281.285989	
0.8640152	262.03492	261.991374	-281.408075	-281.347075	
0.875249	262.09207	262.052461	-281.465225	-281.416889	
0.8864279	262.149688	262.113547	-281.522843	-281.477975	
0.8975957	262.208008	262.18336	-281.581163	-281.539062	
0.9092405	262.269649	262.244447	-281.642804	-281.608875	
0.9200293	262.327408	262.305533	-281.700563	-281.678688	
0.9312621	262.388344	262.375346	-281.761499	-281.748501	
0.9424639	262.449848	262.44516	-281.823003	-281.818314	
0.9536167	262.511827	262.506246	-281.884981	-281.888127	
0.9648545	262.575422	262.576059	-281.948577	-281.957941	
0.9761223	262.639193	262.637146	-282.012348	-282.019027	
0.9871831	262.702903	262.706959	-282.076058	-282.08884	
0.9984139	262.768337	262.768046	-282.141491	-282.158654	
1.010046	262.836932	262.829132	-282.210087	-282.228467	
1.021263	262.903821	262.898945	-282.276976	-282.289553	
1.032395	262.970969	262.968758	-282.344123	-282.359366	
1.04382	263.040676	263.038572	-282.413831	-282.42918	
1.055277	263.109417	263.099658	-282.482571	-282.490266	
1.06631	263.174109	263.160745	-282.547264	-282.560079	
1.077479	263.239288	263.221831	-282.612443	-282.621166	
1.088581	263.303376	263.282918	-282.676531	-282.690979	
1.099799	263.367384	263.352731	-282.740539	-282.743339	
1.111051	263.43084	263.422544	-282.803995	-282.813152	
1.122228	263.493328	263.492357	-282.866483	-282.882965	
1.133429	263.554861	263.56217	-282.928016	-282.935325	
1.144571	263.615529	263.623257	-282.988683	-283.005138	
1.155709	263.675467	263.684343	-283.048622	-283.066225	
1.16692	263.735031	263.74543	-283.108186	-283.127311	
1.178075	263.793586	263.806516	-283.166741	-283.179671	
1.189266	263.851615	263.87633	-283.224769	-283.240758	
1.199788	263.905531	263.928689	-283.278685	-283.301844	
1.211132	263.962928	263.981049	-283.336083	-283.354204	
1.221859	264.016506	264.050863	-283.38966	-283.415291	
1.233034	264.071586	264.103222	-283.44474	-283.476377	
1.244233	264.126059	264.155582	-283.499214	-283.528737	
1.255432	264.179813	264.207942	-283.552968	-283.589824	
1.266622	264.232802	264.260302	-283.605956	-283.65091	
1.277781	264.284898	264.321389	-283.658052	-283.70327	
1.289038	264.336718	264.365022	-283.709872	-283.75563	
1.300156	264.387203	264.417382	-283.760358	-283.80799	
1.311399	264.437505	264.469742	-283.81066	-283.851623	
1.322606	264.486949	264.513375	-283.860104	-283.903983	
1.333802	264.53558	264.565735	-283.908734	-283.947616	
1.344971	264.58338	264.609368	-283.956534	-283.999976	
1.356527	264.632054	264.644274	-284.005209	-284.034882	
1.375904	264.711079	264.696634	-284.084234	-284.113422	
1.380275	264.728948	264.740268	-284.102103	-284.130876	
1.390445	264.769843	264.783901	-284.142997	-284.165782	
1.401007	264.811649	264.818807	-284.184803	-284.209415	
1.412211	264.855242	264.853714	-284.228397	-284.244322	
1.423451	264.898242	264.897347	-284.271397	-284.279229	
1.434608	264.940228	264.94098	-284.313383	-284.322862	
1.445819	264.981676	264.984614	-284.354831	-284.357768	
1.456968	265.022195	265.01952	-284.39535	-284.392675	
1.468428	265.063054	265.063154	-284.436208	-284.427582	
1.479778	265.10333	265.09806	-284.476485	-284.453761	
1.490656	265.140226	265.132967	-284.513381	-284.488668	
1.501808	265.177867	265.1766	-284.551022	-284.523575	
1.513013	265.21497	265.211506	-284.588125	-284.558481	
1.524211	265.251319	265.246413	-284.624474	-284.593388	
1.535423	265.287002	265.28132	-284.660157	-284.628294	
1.546622	265.321925	265.316226	-284.69508	-284.663201	
1.558072	265.356885	265.351133	-284.73004	-284.698108	
1.569056	265.389727	265.377313	-284.762881	-284.733014	
1.580209	265.42237	265.412219	-284.795524	-284.767921	
1.591449	265.454535	265.447126	-284.82769	-284.794101	
1.602611	265.485778	265.482033	-284.858932	-284.829007	
1.613819	265.516432	265.516939	-284.889587	-284.863914	
1.624996	265.546287	265.543119	-284.919442	-284.89882	
1.636376	265.575959	265.569299	-284.949114	-284.933727	
1.647551	265.604365	265.586752	-284.97752	-284.968634	
1.667493	265.652338	265.630386	-285.025493	-285.02972	
1.671856	265.662906	265.647839	-285.036061	-285.038447	
1.682041	265.68686	265.656565	-285.060015	-285.064627	
1.692548	265.710934	265.691472	-285.084089	-285.099533	
1.703695	265.73574	265.708925	-285.108894	-285.125713	
1.714948	265.760083	265.726379	-285.133238	-285.151893	
1.726142	265.783588	265.761285	-285.156743	-285.178073	
1.737258	265.806245	265.778738	-285.1794	-285.204253	
1.748424	265.828306	265.796192	-285.201461	-285.221706	
1.760172	265.850734	265.831098	-285.223889	-285.247886	
1.771376	265.871423	265.848552	-285.244578	-285.26534	
1.782533	265.891343	265.866005	-285.264498	-285.282793	
1.793879	265.910895	265.900912	-285.284049	-285.300246	
1.805109	265.929781	265.918365	-285.302936	-285.326426	
1.816137	265.947184	265.935818	-285.320339	-285.335153	
1.827291	265.964351	265.961998	-285.337505	-285.361333	
1.838556	265.980988	265.979451	-285.354143	-285.370059	
1.850281	265.99754	266.005631	-285.370695	-285.387513	
1.861779	266.013058	266.014358	-285.386213	-285.396239	
1.872586	266.027029	266.040538	-285.400184	-285.413693	
1.883794	266.040833	266.040538	-285.413987	-285.413693	
1.895066	266.054036	266.057991	-285.427191	-285.431146	
1.906609	266.06683	266.075444	-285.439985	-285.431146	
1.917434	266.078232	266.075444	-285.451386	-285.439873	
1.92853	266.089257	266.075444	-285.462412	-285.448599	
1.940281	266.100192	266.084171	-285.473347	-285.457326	
1.951477	266.109977	266.084171	-285.483132	-285.457326	
1.963157	266.119474	266.084171	-285.492629	-285.466052	
1.977795	266.130164	266.084171	-285.503319	-285.474779	
1.988672	266.137627	266.084171	-285.510781	-285.474779	
1.999554	266.144506	266.084171	-285.517661	-285.483506	
2.010814	266.151002	266.084171	-285.524157	-285.483506	
2.021998	266.156855	266.084171	-285.530009	-285.492232	
2.033125	266.162101	266.084171	-285.535256	-285.500959	
2.044351	266.166815	266.084171	-285.53997	-285.500959	
2.055531	266.170957	266.092898	-285.544111	-285.500959	
2.066758	266.174574	266.101624	-285.547728	-285.500959	
2.077927	266.177661	266.110351	-285.550815	-285.509686	
2.089162	266.180272	266.110351	-285.553427	-285.509686	
2.10032	266.182414	266.119078	-285.555569	-285.518412	
2.111542	266.184144	266.127804	-285.557298	-285.518412	
2.122729	266.188906	266.136531	-285.56206	-285.518412	
2.133924	266.188906	266.145258	-285.56206	-285.518412	
2.145089	266.188906	266.145258	-285.56206	-285.518412	
2.15666	266.188906	266.145258	-285.56206	-285.518412	
2.167709	266.188906	266.145258	-285.56206	-285.518412	
2.17868	266.188906	266.153984	-285.56206	-285.518412	
2.189942	266.188906	266.153984	-285.56206	-285.518412	
2.201079	266.188906	266.153984	-285.56206	-285.518412	
2.212285	266.188906	266.153984	-285.56206	-285.518412	
2.223542	266.188906	266.153984	-285.56206	-285.518412	
2.234711	266.188906	266.153984	-285.56206	-285.518412	
2.245922	266.188906	266.153984	-285.56206	-285.518412	
2.257058	266.188906	266.153984	-285.56206	-285.518412	
2.268257	266.188906	266.153984	-285.56206	-285.518412	
2.279534	266.188906	266.153984	-285.56206	-285.518412	
2.29077	266.188906	266.153984	-285.56206	-285.518412	
2.301917	266.188906	266.153984	-285.56206	-285.518412	
2.31314	266.188906	266.153984	-285.56206	-285.518412	
2.324435	266.188906	266.153984	-285.56206	-285.518412	
2.335652	266.188906	266.153984	-285.56206	-285.518412	
2.347143	266.188906	266.153984	-285.56206	-285.518412	
2.358216	266.188906	266.153984	-285.56206	-285.518412	
2.36925	266.188906	266.153984	-285.56206	-285.518412	
2.380456	266.188906	266.153984	-285.56206	-285.518412	
2.391654	266.188906	266.153984	-285.56206	-285.518412	
2.402815	266.188906	266.153984	-285.56206	-285.518412	
2.41402	266.188906	266.153984	-285.56206	-285.518412	
2.425206	266.188906	266.153984	-285.56206	-285.518412	
2.436383	266.188906	266.153984	-285.56206	-285.518412	
2.447586	266.188906	266.153984	-285.56206	-285.518412	
2.459136	266.188906	266.153984	-285.56206	-285.518412	
2.470007	266.188906	266.153984	-285.56206	-285.518412	
2.481557	266.188906	266.153984	-285.56206	-285.518412	
2.492434	266.188906	266.153984	-285.56206	-285.518412	
2.503605	266.188906	266.153984	-285.56206	-285.518412	
2.514809	266.188906	266.153984	-285.56206	-285.518412	
2.526051	266.188906	266.153984	-285.56206	-285.518412	
2.537158	266.188906	266.153984	-285.56206	-285.518412	
2.548312	266.188906	266.153984	-285.56206	-285.518412	
2.559999	266.188906	266.153984	-285.56206	-285.518412	
2.57119	266.188906	266.153984	-285.56206	-285.518412	
2.582447	266.188906	266.153984	-285.56206	-285.518412	
2.593569	266.188906	266.153984	-285.56206	-285.518412	
2.604798	266.188906	266.153984	-285.56206	-285.518412	
2.615935	266.188906	266.153984	-285.56206	-285.518412	
2.627581	266.188906	266.153984	-285.56206	-285.518412	
2.638376	266.188906	266.153984	-285.56206	-285.518412	
2.649538	266.188906	266.153984	-285.56206	-285.518412	
2.66077	266.188906	266.153984	-285.56206	-285.518412	
2.671916	266.188906	266.153984	-285.56206	-285.518412	
2.683407	266.188906	266.153984	-285.56206	-285.518412	
2.694495	266.188906	266.153984	-285.56206	-285.518412	
2.706093	266.188906	266.153984	-285.56206	-285.518412	
2.716835	266.188906	266.153984	-285.56206	-285.518412	
2.727896	266.188906	266.153984	-285.56206	-285.518412	
2.739189	266.188906	266.153984	-285.56206	-285.518412	
2.750384	266.188906	266.153984	-285.56206	-285.518412	
2.761543	266.188906	266.153984	-285.56206	-285.518412	
2.772718	266.188906	266.153984	-285.56206	-285.518412	
2.78405	266.188906	266.153984	-285.56206	-285.518412	
2.795261	266.188906	266.153984	-285.56206	-285.518412	
2.807289	266.188906	266.153984	-285.56206	-285.518412	
2.817642	266.188906	266.153984	-285.56206	-285.518412	
2.829323	266.188906	266.153984	-285.56206	-285.518412	
2.840456	266.188906	266.153984	-285.56206	-285.518412	
2.851665	266.188906	266.153984	-285.56206	-285.518412	
2.862833	266.188906	266.153984	-285.56206	-285.518412	
2.874024	266.188906	266.153984	-285.56206	-285.518412	
2.885465	266.188906	266.153984	-285.56206	-285.518412	
2.896367	266.188906	266.153984	-285.56206	-285.518412	
2.907946	266.188906	266.153984	-285.56206	-285.518412	
2.918721	266.188906	266.153984	-285.56206	-285.518412	
2.929951	266.188906	266.153984	-285.56206	-285.518412	
2.941189	266.188906	266.153984	-285.56206	-285.518412	
2.952268	266.188906	266.153984	-285.56206	-285.518412	
2.964182	266.188906	266.153984	-285.56206	-285.527139	
2.974662	266.188906	266.153984	-285.56206	-285.527139	
2.985852	266.188906	266.153984	-285.56206	-285.535866	
2.997064	266.188906	266.153984	-285.56206	-285.535866	
3.008262	266.188906	266.153984	-285.56206	-285.544592	
3.019504	266.188906	266.153984	-285.56206	-285.553319	
3.030685	266.188906	266.153984	-285.56206	-285.562046	
3.041868	266.188906	266.153984	-285.56206	-285.553319	
3.053112	266.188906	266.153984	-285.56206	-285.553319	
3.064201	266.188906	266.153984	-285.56206	-285.553319	
3.075433	266.188906	266.153984	-285.56206	-285.544592	
3.08664	266.188906	266.153984	-285.56206	-285.544592	
3.097816	266.188906	266.153984	-285.56206	-285.544592	
3.109065	266.188906	266.153984	-285.56206	-285.535866	
3.12058	266.188906	266.153984	-285.56206	-285.535866	
3.131766	266.188906	266.153984	-285.56206	-285.535866	
3.143006	266.188906	266.153984	-285.56206	-285.535866	
3.154175	266.188906	266.153984	-285.56206	-285.544592	
3.165407	266.188906	266.153984	-285.56206	-285.544592	
3.176521	266.188906	266.153984	-285.56206	-285.544592	
3.187758	266.188906	266.153984	-285.56206	-285.544592	
3.198978	266.188906	266.153984	-285.56206	-285.544592	
3.210111	266.188906	266.153984	-285.56206	-285.544592	
3.221341	266.188906	266.153984	-285.56206	-285.544592	
3.232476	266.188906	266.153984	-285.56206	-285.544592	
3.243687	266.188906	266.153984	-285.56206	-285.544592	
3.254876	266.188906	266.153984	-285.56206	-285.544592	
3.266538	266.188906	266.153984	-285.56206	-285.544592	
3.277221	266.188906	266.153984	-285.56206	-285.544592	
3.288343	266.188906	266.153984	-285.56206	-285.544592	
3.299648	266.188906	266.153984	-285.56206	-285.544592	
3.310777	266.188906	266.153984	-285.56206	-285.544592	
3.321724	266.188906	266.153984	-285.56206	-285.544592	
3.333434	266.188906	266.153984	-285.56206	-285.544592	
3.344572	266.188906	266.153984	-285.56206	-285.544592	
3.355956	266.188906	266.153984	-285.56206	-285.544592	
3.366978	266.188906	266.153984	-285.56206	-285.544592	
3.378225	266.188906	266.153984	-285.56206	-285.544592	
3.389428	266.188906	266.153984	-285.56206	-285.544592	
3.400592	266.188906	266.153984	-285.56206	-285.544592	
3.41181	266.188906	266.153984	-285.56206	-285.544592	
3.422968	266.188906	266.153984	-285.56206	-285.544592	
3.434199	266.188906	266.153984	-285.56206	-285.544592	
3.445399	266.188906	266.153984	-285.56206	-285.544592	
3.456556	266.188906	266.153984	-285.56206	-285.544592	
3.467719	266.188906	266.153984	-285.56206	-285.544592	
3.479402	266.188906	266.153984	-285.56206	-285.544592	
3.490464	266.188906	266.153984	-285.56206	-285.544592	
3.501797	266.188906	266.153984	-285.56206	-285.544592	
3.51295	266.188906	266.153984	-285.56206	-285.544592	
3.524109	266.188906	266.153984	-285.56206	-285.544592	
3.535337	266.188906	266.153984	-285.56206	-285.544592	
3.54656	266.188906	266.153984	-285.56206	-285.544592	
3.557716	266.188906	266.153984	-285.56206	-285.544592	
3.577793	266.188906	266.153984	-285.56206	-285.544592	
3.58217	266.188906	266.153984	-285.56206	-285.544592	
3.592334	266.188906	266.153984	-285.56206	-285.544592	
3.602924	266.188906	266.153984	-285.56206	-285.544592	
3.614084	266.188906	266.153984	-285.56206	-285.544592	
3.625314	266.188906	266.153984	-285.56206	-285.544592	
3.636442	266.188906	266.153984	-285.56206	-285.544592	
3.647717	266.188906	266.153984	-285.56206	-285.544592	
3.658914	266.188906	266.153984	-285.56206	-285.544592	
3.67004	266.188906	266.153984	-285.56206	-285.544592	
3.681244	266.188906	266.153984	-285.56206	-285.544592	
3.692408	266.188906	266.153984	-285.56206	-285.544592	
3.703773	266.188906	266.153984	-285.56206	-285.544592	
3.71495	266.188906	266.153984	-285.56206	-285.544592	
3.726504	266.188906	266.153984	-285.56206	-285.544592	
3.737283	266.188906	266.153984	-285.56206	-285.544592	
3.748476	266.188906	266.153984	-285.56206	-285.544592	
3.759759	266.188906	266.153984	-285.56206	-285.544592	
3.770931	266.188906	266.153984	-285.56206	-285.544592	
3.78208	266.188906	266.153984	-285.56206	-285.544592	
3.793271	266.188906	266.153984	-285.56206	-285.544592	
3.806307	266.188906	266.162711	-285.56206	-285.544592	
3.815666	266.188906	266.162711	-285.56206	-285.544592	
3.82688	266.188906	266.171438	-285.56206	-285.544592	
