0.03375442	284.855187	284.855187	-304.315608	-304.315608	
0.03841834	284.855382	284.855187	-304.315803	-304.315608	
0.04882317	284.856649	284.855187	-304.31707	-304.315608	
0.058824	284.858526	284.855187	-304.318947	-304.315608	
0.06887082	284.86087	284.855187	-304.321291	-304.315608	
0.07913965	284.863982	284.855187	-304.324403	-304.315608	
0.09031646	284.868151	284.855187	-304.328572	-304.315608	
0.1015833	284.873119	284.855187	-304.33354	-304.324335	
0.1127271	284.878767	284.855187	-304.339188	-304.324335	
0.1239149	284.885193	284.863914	-304.345615	-304.324335	
0.1435975	284.899331	284.881367	-304.359752	-304.315608	
0.1479895	284.902394	284.881367	-304.362815	-304.315608	
0.1581903	284.910323	284.890094	-304.370745	-304.324335	
0.1687321	284.919195	284.890094	-304.379616	-304.324335	
0.1799139	284.929372	284.890094	-304.389793	-304.324335	
0.1911147	284.940323	284.890094	-304.400745	-304.324335	
0.2026855	284.952457	284.890094	-304.412878	-304.324335	
0.2137354	284.964758	284.890094	-304.425179	-304.324335	
0.2248102	284.977815	284.890094	-304.438236	-304.324335	
0.23608	284.991879	284.890094	-304.4523	-304.324335	
0.2472228	285.006522	284.890094	-304.466943	-304.333062	
0.2584186	285.021988	284.890094	-304.482409	-304.341788	
0.2696144	285.038207	284.890094	-304.498628	-304.350515	
0.2807932	285.05515	284.890094	-304.515571	-304.367968	
0.291989	285.072874	284.89882	-304.533295	-304.376695	
0.3031368	285.091265	284.916274	-304.551686	-304.394148	
0.3147486	285.111249	284.925	-304.571671	-304.420328	
0.3259564	285.131268	284.95118	-304.591689	-304.437781	
0.3371132	285.151954	284.97736	-304.612375	-304.455235	
0.349637	285.176163	284.994814	-304.636584	-304.490141	
0.3594149	285.195543	285.02972	-304.655964	-304.507595	
0.3705887	285.218504	285.064627	-304.678925	-304.542501	
0.3817475	285.242172	285.099533	-304.702593	-304.568681	
0.3931493	285.267159	285.13444	-304.72758	-304.603588	
0.4041411	285.291947	285.169346	-304.752368	-304.638494	
0.4149979	285.317132	285.204253	-304.777554	-304.682128	
0.4263377	285.344229	285.256613	-304.80465	-304.717034	
0.4376455	285.37201	285.300246	-304.832431	-304.760667	
0.4487913	285.400136	285.343879	-304.860557	-304.804301	
0.4600152	285.429222	285.378786	-304.889643	-304.847934	
0.471179	285.458892	285.431146	-304.919314	-304.891567	
0.4823588	285.489368	285.466052	-304.949789	-304.9352	
0.5020664	285.545918	285.518412	-305.006339	-305.01374	
0.5064964	285.558522	285.562046	-305.018943	-305.031193	
0.5166582	285.588278	285.596952	-305.048699	-305.0661	
0.527226	285.619899	285.640585	-305.08032	-305.109733	
0.5384338	285.654214	285.692945	-305.114635	-305.14464	
0.5496076	285.68917	285.727852	-305.149591	-305.188273	
0.5608254	285.725026	285.762758	-305.185447	-305.22318	
0.5719692	285.761385	285.806392	-305.221806	-305.258086	
0.583168	285.798678	285.841298	-305.259099	-305.301719	
0.5944609	285.837056	285.876205	-305.297477	-305.336626	
0.6059897	285.877023	285.911111	-305.337445	-305.371533	
0.6171915	285.91662	285.946018	-305.377041	-305.406439	
0.6284683	285.957237	285.972198	-305.417658	-305.441346	
0.6395861	285.998021	286.007105	-305.458442	-305.476252	
0.6512569	286.04227	286.042011	-305.502691	-305.511159	
0.6622187	286.083363	286.068191	-305.543784	-305.546066	
0.6734685	286.126934	286.094371	-305.587356	-305.572245	
0.6846583	286.170995	286.129278	-305.631416	-305.607152	
0.6958711	286.215921	286.155458	-305.676343	-305.642059	
0.7070959	286.261644	286.190364	-305.722065	-305.676965	
0.7182357	286.307766	286.225271	-305.768188	-305.711872	
0.7294586	286.354991	286.260177	-305.815412	-305.746778	
0.7406584	286.402884	286.30381	-305.863305	-305.781685	
0.7518212	286.451352	286.347444	-305.911773	-305.825318	
0.763053	286.50086	286.391077	-305.961281	-305.868951	
0.7741938	286.550732	286.443437	-306.011153	-305.912585	
0.7854706	286.60198	286.495797	-306.062401	-305.964945	
0.7966624	286.653595	286.548157	-306.114017	-306.017304	
0.8078332	286.705843	286.600516	-306.166264	-306.078391	
0.819045	286.759057	286.67033	-306.219479	-306.130751	
0.8301648	286.812555	286.72269	-306.272976	-306.191837	
0.8414076	286.867421	286.783776	-306.327842	-306.252924	
0.8529204	286.924415	286.853589	-306.384836	-306.322737	
0.8637893	286.978878	286.923402	-306.439299	-306.383824	
0.8750671	287.036199	286.993216	-306.496621	-306.453637	
0.8862089	287.093539	287.063029	-306.55396	-306.52345	
0.8973567	287.151676	287.132842	-306.612097	-306.593263	
0.9086315	287.211242	287.211382	-306.671663	-306.663076	
0.9197553	287.270753	287.281195	-306.731174	-306.724163	
0.9309891	287.331597	287.351008	-306.792018	-306.802703	
0.9420659	287.392338	287.429548	-306.852759	-306.872516	
0.9531807	287.454047	287.499361	-306.914469	-306.942329	
0.9643785	287.516921	287.569174	-306.977343	-307.020869	
0.9755314	287.580322	287.630261	-307.040743	-307.090682	
0.9860812	287.640966	287.700074	-307.101388	-307.151768	
0.99729	287.706103	287.76116	-307.166524	-307.221582	
1.008508	287.772095	287.830974	-307.232516	-307.291395	
1.019672	287.838503	287.89206	-307.298924	-307.361208	
1.030833	287.90564	287.961873	-307.366061	-307.422294	
1.042048	287.973877	288.031686	-307.434298	-307.492108	
1.053263	288.040639	288.084046	-307.50106	-307.561921	
1.064415	288.106281	288.15386	-307.566702	-307.623007	
1.075702	288.172034	288.214946	-307.632455	-307.684094	
1.086901	288.236496	288.276033	-307.696917	-307.74518	
1.098031	288.29987	288.345846	-307.760291	-307.806267	
1.109296	288.363275	288.406932	-307.823696	-307.867353	
1.120505	288.425636	288.468019	-307.886058	-307.92844	
1.131675	288.487073	288.520379	-307.947494	-307.9808	
1.142945	288.548339	288.581465	-308.00876	-308.041886	
1.154348	288.609541	288.642552	-308.069962	-308.102973	
1.165328	288.667822	288.694912	-308.128243	-308.155333	
1.17644	288.726035	288.755998	-308.186457	-308.207693	
1.187586	288.783751	288.799631	-308.244172	-308.260052	
1.198726	288.840696	288.869444	-308.301117	-308.312412	
1.209936	288.897293	288.913078	-308.357714	-308.364772	
1.221197	288.95342	288.974164	-308.413841	-308.425859	
1.232391	289.008465	289.026524	-308.468886	-308.478219	
1.243597	289.06288	289.078884	-308.523301	-308.530579	
1.254699	289.11607	289.139971	-308.576491	-308.582938	
1.265946	289.169217	289.183604	-308.629639	-308.635298	
1.277198	289.22167	289.24469	-308.682091	-308.687658	
1.288414	289.273225	289.288324	-308.733646	-308.740018	
1.299532	289.323622	289.34941	-308.784043	-308.792378	
1.310729	289.373668	289.393043	-308.834089	-308.844738	
1.321898	289.422865	289.445403	-308.883286	-308.905824	
1.33313	289.47161	289.497763	-308.932031	-308.958184	
1.344289	289.519331	289.541396	-308.979752	-309.010544	
1.355934	289.568324	289.593756	-309.028745	-309.054177	
1.367127	289.61474	289.637389	-309.075161	-309.106537	
1.378328	289.660459	289.689749	-309.12088	-309.15017	
1.389567	289.705601	289.733382	-309.166022	-309.20253	
1.400708	289.749642	289.777016	-309.210063	-309.246164	
1.411926	289.793266	289.829376	-309.253687	-309.298523	
1.423096	289.835996	289.873009	-309.296417	-309.342157	
1.434414	289.878563	289.916642	-309.338984	-309.38579	
1.445544	289.919711	289.951549	-309.380132	-309.429423	
1.456803	289.960619	289.995182	-309.42104	-309.46433	
1.467998	290.000576	290.038815	-309.460997	-309.499236	
1.479155	290.039678	290.073722	-309.5001	-309.534143	
1.490342	290.078187	290.108628	-309.538608	-309.569049	
1.501583	290.11617	290.143535	-309.576591	-309.603956	
1.512753	290.153186	290.169715	-309.613607	-309.638863	
1.523935	290.189529	290.204621	-309.64995	-309.665043	
1.543596	290.250793	290.256981	-309.711214	-309.708676	
1.547978	290.264504	290.265708	-309.724925	-309.726129	
1.558196	290.295777	290.300614	-309.756198	-309.743582	
1.568715	290.327324	290.326794	-309.787746	-309.761036	
1.579936	290.360237	290.352974	-309.820658	-309.787216	
1.591119	290.392345	290.387881	-309.852766	-309.804669	
1.602683	290.424779	290.405334	-309.8852	-309.830849	
1.622029	290.476501	290.440241	-309.936922	-309.874482	
1.626445	290.488367	290.475147	-309.948788	-309.883209	
1.636652	290.515083	290.492601	-309.975505	-309.909389	
1.647123	290.54186	290.518781	-310.002281	-309.935569	
1.658315	290.569761	290.544961	-310.030182	-309.970475	
1.669559	290.597074	290.579867	-310.057496	-310.005382	
1.680748	290.623566	290.59732	-310.083987	-310.031562	
1.691925	290.649324	290.614774	-310.109745	-310.066468	
1.703085	290.674359	290.64968	-310.13478	-310.092648	
1.714262	290.698724	290.667134	-310.159146	-310.118828	
1.725582	290.722686	290.684587	-310.183107	-310.145008	
1.737169	290.746475	290.719494	-310.206896	-310.179915	
1.748426	290.768877	290.736947	-310.229298	-310.214821	
1.763283	290.797082	290.771853	-310.257503	-310.249728	
1.774409	290.817641	290.789307	-310.278062	-310.284634	
1.785721	290.837831	290.824213	-310.298253	-310.310814	
1.796872	290.857059	290.841667	-310.317481	-310.336994	
1.808063	290.875671	290.85912	-310.336092	-310.363174	
1.819261	290.893608	290.894026	-310.354029	-310.389354	
1.830383	290.910755	290.91148	-310.371176	-310.415534	
1.841647	290.927433	290.928933	-310.387854	-310.441714	
1.852961	290.943489	290.946386	-310.40391	-310.459167	
1.864006	290.958509	290.96384	-310.41893	-310.476621	
1.875211	290.973076	290.972566	-310.433497	-310.494074	
1.886415	290.986967	290.99002	-310.447389	-310.502801	
1.897601	291.000172	290.998746	-310.460593	-310.511527	
1.908808	291.012741	291.007473	-310.473162	-310.520254	
1.919989	291.02462	291.016199	-310.485041	-310.528981	
1.931219	291.035894	291.033653	-310.496315	-310.528981	
1.942323	291.046402	291.033653	-310.506823	-310.528981	
1.954152	291.056859	291.042379	-310.51728	-310.528981	
1.96486	291.065763	291.059833	-310.526184	-310.528981	
1.976117	291.07447	291.068559	-310.534891	-310.528981	
1.987352	291.082529	291.068559	-310.54295	-310.528981	
1.998452	291.089884	291.068559	-310.550306	-310.528981	
2.009739	291.096737	291.068559	-310.557158	-310.528981	
2.020888	291.102912	291.068559	-310.563334	-310.528981	
2.032081	291.108521	291.068559	-310.568942	-310.528981	
2.04327	291.11355	291.068559	-310.573971	-310.528981	
2.054676	291.118089	291.068559	-310.57851	-310.528981	
2.065857	291.121993	291.068559	-310.582414	-310.528981	
2.077085	291.125387	291.068559	-310.585808	-310.537707	
2.088261	291.128266	291.068559	-310.588687	-310.546434	
2.099455	291.130676	291.068559	-310.591097	-310.55516	
2.11062	291.13264	291.068559	-310.593062	-310.563887	
2.12187	291.138387	291.068559	-310.598808	-310.572614	
2.133018	291.138387	291.077286	-310.598808	-310.58134	
2.144294	291.138387	291.077286	-310.598808	-310.58134	
2.155965	291.138387	291.077286	-310.598808	-310.58134	
2.167131	291.138387	291.077286	-310.598808	-310.58134	
2.178309	291.138387	291.077286	-310.598808	-310.58134	
2.189629	291.138387	291.077286	-310.598808	-310.572614	
2.200691	291.138387	291.077286	-310.598808	-310.572614	
2.212487	291.138387	291.086013	-310.598808	-310.572614	
2.223022	291.138387	291.086013	-310.598808	-310.572614	
2.234204	291.138387	291.086013	-310.598808	-310.572614	
2.245486	291.138387	291.094739	-310.598808	-310.572614	
2.256767	291.138387	291.103466	-310.598808	-310.572614	
2.26795	291.138387	291.103466	-310.598808	-310.572614	
2.279113	291.138387	291.103466	-310.598808	-310.572614	
2.290291	291.138387	291.103466	-310.598808	-310.572614	
2.30158	291.138387	291.112193	-310.598808	-310.572614	
2.312708	291.138387	291.120919	-310.598808	-310.572614	
