0.03326342	15.2279977	15.2279977	15.1756378	15.1756378	
0.04666118	15.2296126	15.2279977	15.1772527	15.1756378	
0.05978895	15.2322191	15.2279977	15.1798592	15.1756378	
0.06467987	15.2332118	15.2279977	15.1808519	15.1756378	
0.07450869	15.2359351	15.2279977	15.1835753	15.1756378	
0.0857475	15.2398528	15.2279977	15.1874929	15.1756378	
0.09485434	15.2434636	15.2279977	15.1911037	15.1756378	
0.1052462	15.2482775	15.2279977	15.1959176	15.1756378	
0.115845	15.2538859	15.2367244	15.201526	15.1843645	
0.1257028	15.2596285	15.2367244	15.2072686	15.1843645	
0.1355206	15.2659349	15.2367244	15.213575	15.1843645	
0.1456914	15.2731066	15.2367244	15.2207467	15.1930911	
0.1568263	15.2817359	15.2367244	15.2293761	15.1930911	
0.1684521	15.2915733	15.2367244	15.2392134	15.2018178	
0.1793019	15.3014284	15.245451	15.2490686	15.2018178	
0.1905347	15.3124042	15.2541777	15.2600443	15.2105444	
0.2016875	15.3240462	15.2629043	15.2716864	15.2192711	
0.2129513	15.3365727	15.2803576	15.2842129	15.2367244	
0.2241161	15.3497302	15.2890842	15.2973703	15.2541777	
0.2353239	15.3637702	15.3152642	15.3114103	15.271631	
0.2465707	15.3784766	15.3414441	15.3261167	15.2890842	
0.2576695	15.3937798	15.3588974	15.34142	15.3065375	
0.2689033	15.4100456	15.3850774	15.3576858	15.3239908	
0.2801501	15.4270804	15.4025306	15.3747205	15.3414441	
0.2913359	15.4447744	15.4287106	15.3924145	15.3501708	
0.3026007	15.463366	15.4374372	15.4110061	15.3676241	
0.3136855	15.482378	15.4548905	15.4300181	15.3763507	
0.3249623	15.502494	15.4636172	15.4501341	15.3850774	
0.3363381	15.5235722	15.4636172	15.4712123	15.393804	
0.3481399	15.5462928	15.4723438	15.4939329	15.4112573	
0.3589267	15.5677109	15.4810705	15.515351	15.4199839	
0.3710055	15.5926343	15.4897971	15.5402744	15.4374372	
0.3819833	15.6159629	15.4985238	15.563603	15.4548905	
0.3935891	15.641463	15.5247037	15.5891031	15.4810705	
0.4044999	15.6661139	15.542157	15.6137541	15.5072504	
0.4158607	15.6925931	15.5683369	15.6402332	15.5334303	
0.4268865	15.7189834	15.6032435	15.6666235	15.5683369	
0.4383943	15.7473537	15.6381501	15.6949939	15.6032435	
0.4498721	15.7764528	15.6817833	15.7240929	15.6381501	
0.4610559	15.8055157	15.7254166	15.7531558	15.6730567	
0.4722707	15.8354278	15.7690498	15.7830679	15.7079633	
0.4834495	15.8659979	15.8039564	15.813638	15.7428699	
0.4946583	15.8974106	15.8475896	15.8450508	15.7777764	
0.5057761	15.9292984	15.8824962	15.8769386	15.812683	
0.5172009	15.9628695	15.9174028	15.9105096	15.8475896	
0.5281468	15.9957244	15.9523094	15.9433645	15.8824962	
0.5481554	16.0587494	16.0133959	16.0063896	15.9435827	
0.5524893	16.0722886	16.0221225	16.0199287	15.961036	
0.5626371	16.1048427	16.0570291	16.0524828	15.9959426	
0.573506	16.1404416	16.0919357	16.0880817	16.0395758	
0.5838378	16.1748724	16.1268423	16.1225125	16.0744824	
0.5949816	16.2127997	16.1704755	16.1604398	16.1181156	
0.6061884	16.2517077	16.2141088	16.1993478	16.1617489	
0.6173412	16.2911731	16.2664686	16.2388132	16.2053821	
0.628534	16.3315148	16.3013752	16.2791549	16.2490153	
0.6483436	16.4058116	16.3711884	16.3534517	16.3188285	
0.6527556	16.4222653	16.3973683	16.3699054	16.3450084	
0.6628564	16.4607166	16.4322749	16.4083567	16.379915	
0.6734072	16.501575	16.4671815	16.4492152	16.4235483	
0.684621	16.5457738	16.5020881	16.4934139	16.4584548	
0.6958408	16.5907556	16.5369947	16.5383958	16.4933614	
0.7072196	16.637174	16.5719012	16.5848141	16.528268	
0.7185144	16.6839917	16.6155345	16.6316319	16.5631746	
0.7384161	16.7693967	16.676621	16.7170368	16.6242611	
0.743105	16.7894117	16.6853476	16.7370518	16.6417144	
0.7529218	16.8320765	16.7289809	16.7797167	16.676621	
0.7634726	16.8786321	16.7726141	16.8262722	16.7202542	
0.7747464	16.9291743	16.824974	16.8768144	16.7638875	
0.7858942	16.9798932	16.8598806	16.9275333	16.8162473	
0.797094	17.0315985	16.9209671	16.9792386	16.8686072	
0.8083218	17.0841856	16.9646003	17.0318257	16.9209671	
0.8199846	17.1396512	17.0344135	17.0872913	16.9820536	
0.8311164	17.193298	17.0867734	17.1409381	17.0431401	
0.8441652	17.2573521	17.1391333	17.2049923	17.1042267	
0.8534651	17.3033387	17.2089464	17.2509789	17.1565865	
0.8651649	17.3621485	17.2613063	17.3097886	17.2263997	
0.8763967	17.4193626	17.3223928	17.3670028	17.2874862	
0.8875915	17.4771027	17.3834793	17.4247428	17.3485728	
0.8987603	17.5354716	17.4532925	17.4831117	17.4096593	
0.9099961	17.5949611	17.514379	17.5426012	17.4707458	
0.9213499	17.655842	17.5754656	17.6034821	17.5318323	
0.9325587	17.7167052	17.6452787	17.6643454	17.5929189	
0.9437425	17.7781713	17.7063653	17.7258115	17.662732	
0.9548883	17.8401726	17.7674518	17.7878127	17.7238186	
0.9660931	17.9032858	17.837265	17.850926	17.7936317	
0.9772749	17.9669732	17.9070781	17.9146133	17.8547182	
0.9884827	18.0315862	17.9768913	17.9792263	17.9245314	
0.9997875	18.0975285	18.0467045	18.0451687	17.9943446	
1.011503	18.1667183	18.1165176	18.1143584	18.0641578	
1.028601	18.2696799	18.2212374	18.2173201	18.1688775	
1.040101	18.3395727	18.2735973	18.2872128	18.229964	
1.050219	18.4016107	18.3259571	18.3492508	18.2910506	
1.060046	18.4624476	18.3957703	18.4100877	18.3346838	
1.069856	18.5237689	18.4481302	18.471409	18.3957703	
1.079519	18.5846577	18.5092167	18.5322978	18.4481302	
1.089675	18.6493465	18.5703032	18.5969867	18.5179434	
1.100209	18.7171468	18.6313898	18.6647869	18.5703032	
1.110015	18.780754	18.6837496	18.7283941	18.6313898	
1.120189	18.8474077	18.7448362	18.7950478	18.6924763	
1.130349	18.9146019	18.8146493	18.862242	18.7535628	
1.14102	18.985875	18.8844625	18.9335152	18.823376	
1.152384	19.062575	18.9542757	19.0102151	18.9019158	
1.16354	19.1385765	19.0240888	19.0862166	18.971729	
1.174802	19.2161064	19.093902	19.1637465	19.0502688	
1.185986	19.2938686	19.1811685	19.2415088	19.1288086	
1.19714	19.3720974	19.2684349	19.3197375	19.2160751	
1.208317	19.4512731	19.3382481	19.3989132	19.2946149	
1.219959	19.5348264	19.4255146	19.4824665	19.3818813	
1.231237	19.616018	19.512781	19.5636581	19.4691478	
1.242521	19.6982784	19.6000475	19.6459185	19.5476876	
1.25398	19.7826458	19.687314	19.7302859	19.6349541	
1.264976	19.8642193	19.7745804	19.8118594	19.7222205	
1.276583	19.9512482	19.8618469	19.8988883	19.809487	
1.287404	20.0329874	19.9491134	19.9806275	19.8967535	
1.298567	20.1181159	20.0363798	20.0657561	19.9840199	
1.309809	20.204608	20.1410996	20.1522481	20.0712864	
1.321139	20.2925189	20.2196394	20.240159	20.1585529	
1.332321	20.3800498	20.3156325	20.3276899	20.2458193	
1.343886	20.4714346	20.3941723	20.4190747	20.3330858	
1.354637	20.5569693	20.4901654	20.5046094	20.4203522	
1.365839	20.6469508	20.5774319	20.5945909	20.5076187	
1.377098	20.7381204	20.6646983	20.6857605	20.5948852	
1.388291	20.8294969	20.7519648	20.7771371	20.6821516	
1.399526	20.9219501	20.8392313	20.8695903	20.7781447	
1.410591	21.0137494	20.9352244	20.9613895	20.8654112	
1.421804	21.1052975	21.0224908	21.0529377	20.9614043	
1.433039	21.1962488	21.1184839	21.1438889	21.0573974	
1.444197	21.2858699	21.2057504	21.23351	21.1533905	
1.455438	21.3754023	21.3017435	21.3230424	21.240657	
1.466969	21.4664268	21.3977366	21.4140669	21.3366501	
1.487141	21.6227296	21.5460896	21.5703698	21.511183	
1.491501	21.6566113	21.5984495	21.6042514	21.5460896	
1.501698	21.7350007	21.6769893	21.6826408	21.6246294	
1.511884	21.8127496	21.7642558	21.7603897	21.7118959	
1.522217	21.8909355	21.8515222	21.8385757	21.7991624	
1.533426	21.9750055	21.9300621	21.9226456	21.8864288	
1.544669	22.0585557	22.0260552	22.0061958	21.9736953	
1.555834	22.1408098	22.1133216	22.0884499	22.0609617	
1.567216	22.2238994	22.2005881	22.1715396	22.1482282	
1.578225	22.3035228	22.2878545	22.2511629	22.2354947	
1.589478	22.3841581	22.3663944	22.3317982	22.3227611	
1.600689	22.4637473	22.4449342	22.4113874	22.4013009	
1.611859	22.5423129	22.5322006	22.489953	22.4798408	
1.623358	22.6224098	22.6107405	22.5700499	22.5671072	
1.634546	22.6995874	22.6892803	22.6472275	22.6369204	
1.645722	22.7759548	22.7590934	22.7235949	22.7154602	
1.656996	22.852214	22.8289066	22.7998541	22.794	
1.668523	22.9294277	22.9074464	22.8770678	22.8638132	
1.679558	23.0026204	22.9772596	22.9502606	22.9336264	
1.690566	23.0748773	23.0470728	23.0225175	23.0034395	
1.701823	23.1480424	23.1081593	23.0956825	23.0645261	
1.713044	23.2202408	23.1779725	23.1678809	23.1256126	
1.724289	23.2918242	23.2477856	23.2394643	23.1954258	
1.735483	23.3623421	23.3175988	23.3099823	23.2565123	
1.747193	23.4353359	23.387412	23.3829761	23.3175988	
1.758074	23.5024051	23.4484985	23.4500453	23.387412	
1.770085	23.5756156	23.509585	23.5232557	23.4484985	
1.780689	23.6395898	23.5706715	23.5872299	23.509585	
1.791716	23.705389	23.6317581	23.6530291	23.5793982	
1.80285	23.771084	23.7015712	23.7187241	23.6404847	
1.814023	23.8362753	23.7713844	23.7839154	23.7102979	
1.825247	23.9010175	23.8411976	23.8486576	23.7713844	
1.836508	23.9652445	23.9110108	23.9128847	23.8411976	
1.849416	24.037798	23.9808239	23.9854381	23.9197374	
1.860634	24.1001701	24.0506371	24.0478102	23.9895506	
1.872084	24.1630387	24.1204503	24.1106789	24.0593637	
1.883584	24.2254206	24.1902634	24.1730607	24.1204503	
1.894472	24.2837661	24.25135	24.2314062	24.1902634	
1.905631	24.3428417	24.3124365	24.2904818	24.25135	
1.917249	24.4035658	24.373523	24.3512059	24.3211631	
1.928163	24.4598808	24.4346095	24.4075209	24.3822497	
1.947992	24.5594033	24.5393293	24.5070434	24.4869694	
1.952359	24.581361	24.5567826	24.5290011	24.521876	
1.96255	24.6319555	24.6091425	24.5795956	24.5742359	
1.973267	24.6844322	24.6615023	24.6320723	24.6265957	
1.984751	24.7398622	24.7225889	24.6875023	24.6789556	
1.99566	24.7918351	24.7749487	24.7394753	24.7313155	
2.006876	24.8445068	24.818582	24.7921469	24.7836754	
2.018439	24.8980381	24.8796685	24.8456782	24.8447619	
2.029254	24.9474255	24.9233017	24.8950656	24.8883951	
2.040514	24.9980814	24.9756616	24.9457215	24.940755	
2.051716	25.0477546	25.0280215	24.9953947	24.9756616	
2.062898	25.0965929	25.0629281	25.044233	25.0280215	
2.074513	25.146546	25.1152879	25.0941862	25.0716547	
2.085505	25.1930947	25.1589212	25.1407348	25.1152879	
2.096747	25.2399702	25.2025544	25.1876103	25.1501945	
2.108	25.2861493	25.237461	25.2337895	25.2025544	
2.119111	25.3310354	25.2810942	25.2786755	25.237461	
2.130346	25.3756637	25.3247274	25.3233038	25.2898209	
2.141574	25.4195426	25.3683607	25.3671827	25.3247274	
2.1528	25.4626617	25.4119939	25.4103018	25.3683607	
2.164005	25.5049749	25.4469005	25.4526151	25.4119939	
2.183715	25.576668	25.5254403	25.5243081	25.4818071	
2.18806	25.5925202	25.5516202	25.5401603	25.4992604	
2.198267	25.6290651	25.5865268	25.5767052	25.534167	
2.208809	25.6661409	25.6214334	25.613781	25.5690735	
2.220458	25.7062858	25.65634	25.653926	25.6127068	
2.231665	25.7441817	25.6999732	25.6918219	25.65634	
2.24285	25.7812868	25.7436065	25.728927	25.6912466	
2.254072	25.8177726	25.7785131	25.7654127	25.7348798	
2.265249	25.8534012	25.8221463	25.8010413	25.7697864	
2.276531	25.8886259	25.8657795	25.836266	25.8134196	
2.287666	25.9226572	25.9006861	25.8702973	25.8483262	
2.298823	25.9560467	25.9355927	25.9036868	25.8832328	
2.310047	25.988909	25.9704993	25.9365491	25.9181394	
2.321273	26.021049	26.0054059	25.9686892	25.953046	
2.332441	26.0523024	26.0403124	25.9999425	25.9879526	
2.343639	26.0829106	26.075219	26.0305507	26.0228591	
2.354749	26.1125732	26.101399	26.0602134	26.0490391	
2.374542	26.162694	26.1275789	26.1103341	26.0926723	
2.378893	26.1737749	26.1537588	26.121415	26.1101256	
2.389086	26.1990118	26.1799388	26.1466519	26.1275789	
2.399668	26.2245567	26.1973921	26.1721968	26.1537588	
2.410838	26.2507871	26.223572	26.1984272	26.1712121	
2.422083	26.2764742	26.2497519	26.2241143	26.1886654	
2.433323	26.301426	26.2672052	26.2490661	26.2061187	
2.444476	26.3254904	26.2846585	26.2731305	26.2322987	
2.455733	26.3490478	26.3021118	26.2966879	26.2497519	
2.467121	26.3721422	26.3195651	26.3197823	26.2672052	
2.478088	26.3937082	26.3370184	26.3413483	26.2846585	
2.498429	26.43085	26.371925	26.3784901	26.3108385	
2.502854	26.439007	26.3806516	26.3866471	26.3195651	
2.51294	26.4568959	26.3893783	26.404536	26.3370184	
2.523588	26.4751277	26.4068316	26.4227678	26.3544717	
2.534841	26.4936736	26.4242849	26.4413137	26.371925	
2.546001	26.5113782	26.4417382	26.4590183	26.3893783	
2.557181	26.5284181	26.4591915	26.4760582	26.4155582	
2.568704	26.5452391	26.4766448	26.4928792	26.4417382	
2.579669	26.560593	26.494098	26.5082331	26.4504648	
2.5909	26.5756227	26.5115513	26.5232628	26.4766448	
2.602075	26.5899012	26.5290046	26.5375413	26.494098	
2.613298	26.6035548	26.5551846	26.5511949	26.5028247	
2.624515	26.6165219	26.5726379	26.564162	26.520278	
2.635696	26.6287709	26.5988178	26.576411	26.5377313	
2.646881	26.6403623	26.6075444	26.5880024	26.5464579	
2.658071	26.6512861	26.6337244	26.5989262	26.5639112	
2.669721	26.6619364	26.6337244	26.6095765	26.5726379	
2.680562	26.6712508	26.6511777	26.6188909	26.5813645	
2.691717	26.6801828	26.668631	26.6278229	26.5900912	
2.703268	26.6887425	26.668631	26.6363826	26.5988178	
2.714353	26.6963367	26.6773576	26.6439768	26.6162711	
2.725617	26.7034213	26.6860843	26.6510614	26.6162711	
2.736845	26.7098631	26.6948109	26.6575032	26.6249977	
2.748025	26.7156902	26.6948109	26.6633303	26.6337244	
2.759174	26.720883	26.6948109	26.6685231	26.642451	
2.770859	26.725697	26.6948109	26.6733371	26.642451	
2.782042	26.7297596	26.6948109	26.6773997	26.642451	
2.793429	26.733333	26.6948109	26.6809731	26.642451	
2.80476	26.736363	26.6948109	26.6840031	26.642451	
2.815863	26.7388585	26.6948109	26.6864986	26.642451	
2.82693	26.7409027	26.6948109	26.6885428	26.642451	
2.83819	26.7425578	26.6948109	26.6901979	26.642451	
2.853416	26.7469977	26.6948109	26.6946378	26.642451	
2.862795	26.7469977	26.6948109	26.6946378	26.642451	
2.873948	26.7469977	26.6948109	26.6946378	26.642451	
2.885134	26.7469977	26.6948109	26.6946378	26.642451	
2.896411	26.7469977	26.7035376	26.6946378	26.642451	
2.908049	26.7469977	26.7035376	26.6946378	26.642451	
2.918925	26.7469977	26.7035376	26.6946378	26.642451	
2.930147	26.7469977	26.7035376	26.6946378	26.642451	
2.941378	26.7469977	26.6948109	26.6946378	26.642451	
2.952565	26.7469977	26.6948109	26.6946378	26.642451	
2.963731	26.7469977	26.7035376	26.6946378	26.642451	
2.975034	26.7469977	26.7035376	26.6946378	26.642451	
2.986203	26.7469977	26.7035376	26.6946378	26.642451	
2.997604	26.7469977	26.7035376	26.6946378	26.642451	
3.009299	26.7469977	26.7035376	26.6946378	26.642451	
3.036062	26.7469977	26.7035376	26.6946378	26.642451	
3.040535	26.7469977	26.6948109	26.6946378	26.642451	
3.051029	26.7469977	26.6948109	26.6946378	26.642451	
3.060924	26.7469977	26.7035376	26.6946378	26.642451	
3.071075	26.7469977	26.7035376	26.6946378	26.642451	
3.081317	26.7469977	26.7035376	26.6946378	26.642451	
3.09263	26.7469977	26.7035376	26.6946378	26.642451	
3.103745	26.7469977	26.7035376	26.6946378	26.642451	
3.11485	26.7469977	26.7035376	26.6946378	26.642451	
3.126052	26.7469977	26.7035376	26.6946378	26.642451	
3.137313	26.7469977	26.7035376	26.6946378	26.642451	
3.148474	26.7469977	26.6948109	26.6946378	26.642451	
3.159786	26.7469977	26.6948109	26.6946378	26.642451	
3.171119	26.7469977	26.7035376	26.6946378	26.642451	
3.182282	26.7469977	26.7035376	26.6946378	26.642451	
3.193479	26.7469977	26.7035376	26.6946378	26.642451	
3.204701	26.7469977	26.7035376	26.6946378	26.642451	
3.215886	26.7469977	26.7035376	26.6946378	26.642451	
3.22705	26.7469977	26.7035376	26.6946378	26.642451	
3.23826	26.7469977	26.7035376	26.6946378	26.642451	
3.249502	26.7469977	26.7035376	26.6946378	26.642451	
3.260615	26.7469977	26.7035376	26.6946378	26.642451	
3.271816	26.7469977	26.6948109	26.6946378	26.642451	
3.283007	26.7469977	26.6948109	26.6946378	26.642451	
3.294189	26.7469977	26.7035376	26.6946378	26.642451	
3.305685	26.7469977	26.7035376	26.6946378	26.642451	
3.31709	26.7469977	26.7035376	26.6946378	26.642451	
3.328065	26.7469977	26.7035376	26.6946378	26.642451	
3.339161	26.7469977	26.7035376	26.6946378	26.642451	
3.35042	26.7469977	26.7035376	26.6946378	26.642451	
3.361586	26.7469977	26.7035376	26.6946378	26.642451	
3.372815	26.7469977	26.7035376	26.6946378	26.642451	
3.384035	26.7469977	26.7035376	26.6946378	26.642451	
3.395196	26.7469977	26.7035376	26.6946378	26.642451	
3.40639	26.7469977	26.6948109	26.6946378	26.642451	
3.41762	26.7469977	26.7035376	26.6946378	26.642451	
3.428712	26.7469977	26.7035376	26.6946378	26.642451	
3.439985	26.7469977	26.7035376	26.6946378	26.642451	
3.451146	26.7469977	26.7035376	26.6946378	26.642451	
3.463378	26.7469977	26.7035376	26.6946378	26.642451	
3.473953	26.7469977	26.7035376	26.6946378	26.642451	
3.485169	26.7469977	26.7035376	26.6946378	26.642451	
3.49639	26.7469977	26.7035376	26.6946378	26.642451	
3.507654	26.7469977	26.7035376	26.6946378	26.642451	
3.518881	26.7469977	26.6948109	26.6946378	26.642451	
3.53008	26.7469977	26.6948109	26.6946378	26.642451	
3.541315	26.7469977	26.7035376	26.6946378	26.642451	
3.55249	26.7469977	26.7035376	26.6946378	26.642451	
3.563892	26.7469977	26.7035376	26.6946378	26.642451	
3.575057	26.7469977	26.7035376	26.6946378	26.642451	
3.586209	26.7469977	26.7035376	26.6946378	26.642451	
3.597433	26.7469977	26.7035376	26.6946378	26.642451	
3.608819	26.7469977	26.7035376	26.6946378	26.642451	
3.62023	26.7469977	26.7035376	26.6946378	26.642451	
3.631405	26.7469977	26.7035376	26.6946378	26.642451	
3.642559	26.7469977	26.7035376	26.6946378	26.642451	
3.653775	26.7469977	26.7035376	26.6946378	26.642451	
3.66502	26.7469977	26.7035376	26.6946378	26.642451	
3.676196	26.7469977	26.7035376	26.6946378	26.642451	
3.687369	26.7469977	26.7035376	26.6946378	26.642451	
3.698531	26.7469977	26.6948109	26.6946378	26.642451	
3.709802	26.7469977	26.6948109	26.6946378	26.642451	
3.721523	26.7469977	26.7035376	26.6946378	26.642451	
3.732732	26.7469977	26.7035376	26.6946378	26.642451	
3.743939	26.7469977	26.7035376	26.6946378	26.642451	
3.755059	26.7469977	26.7035376	26.6946378	26.642451	
3.766321	26.7469977	26.7035376	26.6946378	26.642451	
3.777475	26.7469977	26.7035376	26.6946378	26.642451	
3.788695	26.7469977	26.7035376	26.6946378	26.642451	
3.79988	26.7469977	26.7035376	26.6946378	26.642451	
3.81112	26.7469977	26.7035376	26.6946378	26.642451	
3.822253	26.7469977	26.7035376	26.6946378	26.642451	
3.83348	26.7469977	26.7035376	26.6946378	26.642451	
3.844633	26.7469977	26.7035376	26.6946378	26.642451	
3.855818	26.7469977	26.7035376	26.6946378	26.642451	
3.866987	26.7469977	26.6948109	26.6946378	26.642451	
3.878549	26.7469977	26.6948109	26.6946378	26.642451	
3.889502	26.7469977	26.7035376	26.6946378	26.642451	
3.900646	26.7469977	26.7035376	26.6946378	26.642451	
3.911842	26.7469977	26.7035376	26.6946378	26.642451	
3.923007	26.7469977	26.7035376	26.6946378	26.642451	
3.934204	26.7469977	26.7035376	26.6946378	26.642451	
3.945441	26.7469977	26.7035376	26.6946378	26.642451	
3.956638	26.7469977	26.7035376	26.6946378	26.642451	
3.967897	26.7469977	26.7035376	26.6946378	26.642451	
3.979013	26.7469977	26.7035376	26.6946378	26.642451	
3.990284	26.7469977	26.7035376	26.6946378	26.642451	
4.001504	26.7469977	26.7035376	26.6946378	26.642451	
4.012727	26.7469977	26.7035376	26.6946378	26.642451	
4.023865	26.7469977	26.7035376	26.6946378	26.642451	
4.035386	26.7469977	26.7035376	26.6946378	26.642451	
4.046282	26.7469977	26.7035376	26.6946378	26.642451	
4.057518	26.7469977	26.7035376	26.6946378	26.642451	
4.068635	26.7469977	26.7035376	26.6946378	26.642451	
4.080358	26.7469977	26.6948109	26.6946378	26.642451	
4.091499	26.7469977	26.6948109	26.6946378	26.642451	
4.102787	26.7469977	26.7035376	26.6946378	26.642451	
4.113867	26.7469977	26.7035376	26.6946378	26.642451	
4.125266	26.7469977	26.7035376	26.6946378	26.642451	
4.136351	26.7469977	26.7035376	26.6946378	26.642451	
4.147466	26.7469977	26.7035376	26.6946378	26.642451	
4.158666	26.7469977	26.7035376	26.6946378	26.642451	
4.169871	26.7469977	26.7035376	26.6946378	26.642451	
4.181065	26.7469977	26.7035376	26.6946378	26.642451	
4.192293	26.7469977	26.7035376	26.6946378	26.642451	
4.20345	26.7469977	26.7035376	26.6946378	26.642451	
4.214686	26.7469977	26.7035376	26.6946378	26.642451	
4.225875	26.7469977	26.7035376	26.6946378	26.642451	
4.237021	26.7469977	26.7035376	26.6946378	26.642451	
4.248217	26.7469977	26.7035376	26.6946378	26.642451	
4.259418	26.7469977	26.7035376	26.6946378	26.642451	
4.270532	26.7469977	26.7035376	26.6946378	26.642451	
4.281741	26.7469977	26.6948109	26.6946378	26.642451	
4.292937	26.7469977	26.6948109	26.6946378	26.642451	
4.304942	26.7469977	26.7035376	26.6946378	26.642451	
4.315984	26.7469977	26.7035376	26.6946378	26.642451	
4.327248	26.7469977	26.7035376	26.6946378	26.642451	
4.338302	26.7469977	26.7035376	26.6946378	26.642451	
4.349542	26.7469977	26.7035376	26.6946378	26.642451	
4.360773	26.7469977	26.7035376	26.6946378	26.642451	
4.371912	26.7469977	26.7035376	26.6946378	26.642451	
4.383173	26.7469977	26.7035376	26.6946378	26.642451	
4.394313	26.7469977	26.7035376	26.6946378	26.642451	
4.40555	26.7469977	26.7035376	26.6946378	26.642451	
4.416768	26.7469977	26.7035376	26.6946378	26.642451	
4.427754	26.7469977	26.7035376	26.6946378	26.642451	
4.438725	26.7469977	26.7035376	26.6946378	26.642451	
4.449962	26.7469977	26.7035376	26.6946378	26.642451	
4.461168	26.7469977	26.7035376	26.6946378	26.642451	
4.47241	26.7469977	26.7035376	26.6946378	26.642451	
4.483584	26.7469977	26.7035376	26.6946378	26.642451	
4.494862	26.7469977	26.7035376	26.6946378	26.642451	
4.505961	26.7469977	26.7035376	26.6946378	26.642451	
4.51727	26.7469977	26.7035376	26.6946378	26.642451	
4.528645	26.7469977	26.6948109	26.6946378	26.642451	
4.539586	26.7469977	26.7035376	26.6946378	26.642451	
4.55083	26.7469977	26.7035376	26.6946378	26.642451	
4.561965	26.7469977	26.7035376	26.6946378	26.642451	
4.573136	26.7469977	26.7035376	26.6946378	26.642451	
4.584395	26.7469977	26.7035376	26.6946378	26.642451	
4.595527	26.7469977	26.7035376	26.6946378	26.642451	
4.606772	26.7469977	26.7035376	26.6946378	26.642451	
4.617943	26.7469977	26.7035376	26.6946378	26.642451	
4.629101	26.7469977	26.7035376	26.6946378	26.642451	
4.640393	26.7469977	26.7035376	26.6946378	26.642451	
4.651563	26.7469977	26.7035376	26.6946378	26.642451	
4.662797	26.7469977	26.7035376	26.6946378	26.642451	
4.673923	26.7469977	26.7035376	26.6946378	26.642451	
4.685136	26.7469977	26.7035376	26.6946378	26.642451	
4.696382	26.7469977	26.7035376	26.6946378	26.642451	
4.70752	26.7469977	26.6948109	26.6946378	26.642451	
4.718751	26.7469977	26.7035376	26.6946378	26.642451	
4.730338	26.7469977	26.7035376	26.6946378	26.642451	
4.741609	26.7469977	26.7035376	26.6946378	26.642451	
4.752774	26.7469977	26.7035376	26.6946378	26.642451	
4.76398	26.7469977	26.7035376	26.6946378	26.642451	
4.775189	26.7469977	26.7035376	26.6946378	26.642451	
4.786381	26.7469977	26.7035376	26.6946378	26.642451	
4.797578	26.7469977	26.7035376	26.6946378	26.642451	
4.809022	26.7469977	26.7035376	26.6946378	26.642451	
4.820226	26.7469977	26.7035376	26.6946378	26.642451	
4.831448	26.7469977	26.7035376	26.6946378	26.642451	
4.842619	26.7469977	26.7035376	26.6946378	26.642451	
4.855943	26.7469977	26.7035376	26.6946378	26.642451	
4.867098	26.7469977	26.7035376	26.6946378	26.642451	
4.878586	26.7469977	26.7035376	26.6946378	26.642451	
4.889583	26.7469977	26.7035376	26.6946378	26.642451	
4.900904	26.7469977	26.7035376	26.6946378	26.642451	
4.912123	26.7469977	26.7035376	26.6946378	26.642451	
4.923256	26.7469977	26.6948109	26.6946378	26.642451	
4.934461	26.7469977	26.6948109	26.6946378	26.642451	
4.945657	26.7469977	26.7035376	26.6946378	26.642451	
4.956932	26.7469977	26.7035376	26.6946378	26.642451	
4.968074	26.7469977	26.7035376	26.6946378	26.642451	
4.979729	26.7469977	26.7035376	26.6946378	26.642451	
4.990525	26.7469977	26.7035376	26.6946378	26.642451	
5.001727	26.7469977	26.7035376	26.6946378	26.642451	
5.012897	26.7469977	26.7035376	26.6946378	26.642451	
5.028696	26.7469977	26.7035376	26.6946378	26.642451	
5.039981	26.7469977	26.7035376	26.6946378	26.642451	
5.051184	26.7469977	26.7035376	26.6946378	26.642451	
5.062549	26.7469977	26.7035376	26.6946378	26.642451	
5.073702	26.7469977	26.7035376	26.6946378	26.642451	
5.085018	26.7469977	26.7035376	26.6946378	26.642451	
5.096282	26.7469977	26.7035376	26.6946378	26.642451	
5.107413	26.7469977	26.7035376	26.6946378	26.642451	
5.11859	26.7469977	26.7035376	26.6946378	26.642451	
5.130245	26.7469977	26.7035376	26.6946378	26.642451	
5.141504	26.7469977	26.7035376	26.6946378	26.642451	
5.152683	26.7469977	26.7035376	26.6946378	26.642451	
5.163861	26.7469977	26.7035376	26.6946378	26.642451	
5.17511	26.7469977	26.6948109	26.6946378	26.642451	
5.1863	26.7469977	26.7035376	26.6946378	26.642451	
5.19751	26.7469977	26.7035376	26.6946378	26.642451	
5.208723	26.7469977	26.7035376	26.6946378	26.642451	
5.219969	26.7469977	26.7035376	26.6946378	26.642451	
5.231201	26.7469977	26.7035376	26.6946378	26.642451	
5.242378	26.7469977	26.7035376	26.6946378	26.642451	
5.253637	26.7469977	26.7035376	26.6946378	26.642451	
5.264831	26.7469977	26.7035376	26.6946378	26.642451	
5.275997	26.7469977	26.7035376	26.6946378	26.642451	
5.287269	26.7469977	26.7035376	26.6946378	26.642451	
5.298393	26.7469977	26.7035376	26.6946378	26.642451	
5.309846	26.7469977	26.7035376	26.6946378	26.642451	
5.32103	26.7469977	26.7035376	26.6946378	26.642451	
5.332249	26.7469977	26.7035376	26.6946378	26.642451	
5.343456	26.7469977	26.7035376	26.6946378	26.642451	
5.35461	26.7469977	26.7035376	26.6946378	26.642451	
5.366176	26.7469977	26.7035376	26.6946378	26.642451	
5.377247	26.7469977	26.7035376	26.6946378	26.642451	
5.388275	26.7469977	26.7035376	26.6946378	26.642451	
5.399527	26.7469977	26.7035376	26.6946378	26.642451	
5.410639	26.7469977	26.7035376	26.6946378	26.642451	
5.421966	26.7469977	26.6948109	26.6946378	26.642451	
5.433068	26.7469977	26.7035376	26.6946378	26.642451	
5.444257	26.7469977	26.7035376	26.6946378	26.642451	
5.455633	26.7469977	26.7035376	26.6946378	26.642451	
5.475286	26.7469977	26.7035376	26.6946378	26.642451	
5.480132	26.7469977	26.7035376	26.6946378	26.642451	
5.490324	26.7469977	26.7035376	26.6946378	26.642451	
5.500559	26.7469977	26.7035376	26.6946378	26.642451	
5.511962	26.7469977	26.7035376	26.6946378	26.642451	
5.523138	26.7469977	26.7035376	26.6946378	26.642451	
5.534376	26.7469977	26.7035376	26.6946378	26.642451	
5.545623	26.7469977	26.7035376	26.6946378	26.642451	
5.556827	26.7469977	26.7035376	26.6946378	26.642451	
5.568162	26.7469977	26.7035376	26.6946378	26.642451	
5.579161	26.7469977	26.7035376	26.6946378	26.642451	
5.590398	26.7469977	26.7035376	26.6946378	26.642451	
5.601675	26.7469977	26.7035376	26.6946378	26.642451	
5.61287	26.7469977	26.7035376	26.6946378	26.642451	
5.624066	26.7469977	26.7035376	26.6946378	26.642451	
5.635269	26.7469977	26.7035376	26.6946378	26.642451	
5.64644	26.7469977	26.7035376	26.6946378	26.642451	
5.657951	26.7469977	26.7035376	26.6946378	26.642451	
5.669035	26.7469977	26.7035376	26.6946378	26.642451	
