0.04114533	654.847535	654.847535	617.846555	617.846555	
0.04576526	654.847727	654.847535	617.846747	617.846555	
0.05594909	654.848943	654.847535	617.847962	617.846555	
0.06610593	654.850772	654.847535	617.849792	617.846555	
0.07702475	654.853483	654.847535	617.852503	617.846555	
0.0863886	654.856284	654.856262	617.855304	617.846555	
0.09730742	654.860322	654.856262	617.859342	617.846555	
0.1085622	654.865254	654.864989	617.864274	617.846555	
0.1196931	654.870872	654.864989	617.869892	617.846555	
0.1388617	654.883213	654.873715	617.882233	617.846555	
0.1431997	654.885921	654.873715	617.884941	617.846555	
0.1534145	654.893116	654.873715	617.892136	617.846555	
0.1635503	654.900868	654.873715	617.899887	617.846555	
0.1742992	654.909804	654.873715	617.908824	617.855282	
0.186455	654.920848	654.873715	617.919868	617.855282	
0.1958808	654.929859	654.873715	617.928878	617.855282	
0.2072596	654.941593	654.873715	617.940613	617.864008	
0.2182205	654.953598	654.873715	617.952618	617.864008	
0.2296963	654.966975	654.873715	617.965995	617.872735	
0.2398961	654.979447	654.873715	617.978467	617.881462	
0.2620517	655.010295	654.882442	618.009314	617.907642	
0.2664787	655.01633	654.882442	618.01535	617.916368	
0.2766245	655.030974	654.882442	618.029993	617.933822	
0.2868273	655.046324	654.882442	618.045344	617.942548	
0.2969822	655.062228	654.882442	618.061248	617.960002	
0.30727	655.078976	654.891169	618.077996	617.977455	
0.3175448	655.09632	654.899895	618.09534	617.994908	
0.3283927	655.115369	654.917349	618.114389	618.003635	
0.3393535	655.135344	654.917349	618.134364	618.021088	
0.3501113	655.15563	654.934802	618.15465	618.029815	
0.3610721	655.177029	654.952255	618.176048	618.038541	
0.371852	655.198763	654.969708	618.197782	618.047268	
0.3841498	655.224541	654.987162	618.22356	618.055995	
0.3948606	655.24761	655.013342	618.24663	618.064721	
0.4060614	655.272506	655.030795	618.271525	618.073448	
0.4172912	655.29823	655.056975	618.29725	618.082175	
0.428633	655.324998	655.083155	618.324017	618.090901	
0.4395989	655.351562	655.100608	618.350582	618.108355	
0.4592875	655.40213	655.144241	618.401149	618.143261	
0.4637285	655.413451	655.161695	618.412471	618.151988	
0.4738153	655.439926	655.179148	618.438946	618.178168	
0.4843151	655.468179	655.205328	618.467199	618.204348	
0.4954829	655.498994	655.231508	618.498014	618.230528	
0.5067218	655.530762	655.266414	618.529782	618.265434	
0.5179286	655.563204	655.301321	618.562224	618.300341	
0.5474141	655.655395	655.336228	618.654415	618.405061	
0.551859	655.669047	655.423494	618.668067	618.422514	
0.5628029	655.70367	655.475854	618.70269	618.45742	
0.5739247	655.739594	655.51076	618.738614	618.501054	
0.5852025	655.776794	655.56312	618.775814	618.544687	
0.5965503	655.814989	655.61548	618.814009	618.58832	
0.6077431	655.853416	655.650387	618.852436	618.631953	
0.6189069	655.892487	655.711473	618.891506	618.675587	
0.6301448	655.932595	655.755107	618.931614	618.71922	
0.6413346	655.973252	655.807466	618.972272	618.77158	
0.6524704	656.01447	655.859826	619.013489	618.815213	
0.6640242	656.058077	655.912186	619.057097	618.867573	
0.67483	656.099485	655.964546	619.098505	618.919933	
0.6860029	656.143085	656.025633	619.142105	618.972293	
0.6972667	656.187825	656.069266	619.186845	619.015926	
0.7085865	656.233533	656.130352	619.232553	619.077012	
0.7278512	656.31404	656.182712	619.31306	619.173005	
0.7326751	656.33413	656.243799	619.333149	619.190459	
0.7424429	656.375491	656.296159	619.374511	619.242819	
0.7530088	656.42096	656.348519	619.419979	619.295178	
0.7641266	656.469545	656.400878	619.468565	619.347538	
0.7752774	656.519063	656.453238	619.518083	619.399898	
0.7867132	656.570599	656.505598	619.569619	619.460985	
0.797992	656.62219	656.557958	619.62121	619.513345	
0.8088319	656.672463	656.610318	619.671483	619.565705	
0.8202407	656.726204	656.662678	619.725224	619.618064	
0.8316015	656.780459	656.715038	619.779479	619.679151	
0.8428173	656.83478	656.767398	619.8338	619.731511	
0.8540191	656.889791	656.819757	619.888811	619.783871	
0.8652619	656.945763	656.872117	619.944783	619.836231	
0.8763408	657.001649	656.924477	620.000669	619.88859	
0.8875666	657.059039	656.976837	620.058058	619.94095	
0.8987904	657.117184	657.029197	620.116204	619.99331	
0.9099332	657.175636	657.081557	620.174656	620.04567	
0.921249	657.235765	657.133917	620.234784	620.106757	
0.9324688	657.296146	657.186277	620.295165	620.159116	
0.9437097	657.357393	657.247363	620.356413	620.211476	
0.9549055	657.419146	657.290996	620.418165	620.272563	
0.9660883	657.481588	657.360809	620.480608	620.324923	
0.9774251	657.545701	657.413169	620.544721	620.377283	
0.9884659	657.608793	657.465529	620.607813	620.438369	
0.9997488	657.674082	657.526616	620.673102	620.490729	
1.011085	657.740403	657.587702	620.739423	620.551816	
1.022275	657.806651	657.640062	620.805671	620.621629	
1.033496	657.873852	657.709875	620.872871	620.673989	
1.045072	657.944019	657.762235	620.943039	620.735075	
1.055869	658.010067	657.823322	621.009087	620.804888	
1.067009	658.079007	657.884408	621.078027	620.865975	
1.079142	658.155051	657.954221	621.154071	620.935788	
1.0895	658.220506	658.015308	621.219526	621.005601	
1.100483	658.290663	658.076394	621.289683	621.075414	
1.111845	658.364022	658.146208	621.363042	621.145227	
1.122993	658.43677	658.216021	621.43579	621.215041	
1.134164	658.510405	658.285834	621.509425	621.29358	
1.145367	658.585004	658.355647	621.584024	621.37212	
1.156514	658.659975	658.434187	621.658995	621.441933	
1.167759	658.736373	658.512727	621.735393	621.520473	
1.178927	658.812994	658.58254	621.812014	621.599013	
1.191591	658.90089	658.669806	621.89991	621.695006	
1.202833	658.979627	658.757073	621.978647	621.773546	
1.213971	659.058369	658.835613	622.057389	621.852086	
1.225217	659.138659	658.922879	622.137679	621.930626	
1.236323	659.218634	659.001419	622.217654	622.009165	
1.247496	659.299894	659.079959	622.298914	622.087705	
1.258732	659.382357	659.175952	622.381377	622.174972	
1.269836	659.46461	659.254492	622.463629	622.262238	
1.281498	659.551784	659.350485	622.550804	622.349505	
1.292681	659.636119	659.429025	622.635139	622.436771	
1.303929	659.721736	659.525018	622.720756	622.524038	
1.315082	659.807351	659.603558	622.80637	622.611304	
1.326217	659.893609	659.699551	622.892629	622.707297	
1.337431	659.981189	659.786817	622.980209	622.794564	
1.348518	660.068511	659.874084	623.067531	622.88183	
1.35969	660.15731	659.970077	623.156329	622.977823	
1.370942	660.247434	660.06607	623.246454	623.06509	
1.382419	660.340183	660.153336	623.339203	623.152356	
1.393591	660.431222	660.258056	623.430242	623.248349	
1.404742	660.522853	660.345322	623.521873	623.335616	
1.415975	660.615892	660.432589	623.614912	623.431609	
1.427208	660.712909	660.537309	623.711929	623.518875	
1.438305	660.803051	660.633302	623.802071	623.606142	
1.449483	660.897914	660.729295	623.896934	623.693408	
1.460889	660.995439	660.816561	623.994459	623.798128	
1.472034	661.091495	660.921281	624.090515	623.885394	
1.483237	661.188814	661.026001	624.187834	623.981388	
1.494403	661.286533	661.113267	624.285553	624.077381	
1.505632	661.385606	661.20926	624.384625	624.164647	
1.516737	661.484788	661.305254	624.483808	624.269367	
1.528417	661.58893	661.409973	624.58795	624.356633	
1.53913	661.685553	661.505966	624.684572	624.461353	
1.550315	661.787199	661.60196	624.786219	624.557346	
1.561608	661.890604	661.697953	624.889624	624.653339	
1.572724	661.993115	661.793946	624.992135	624.749332	
1.583946	662.097391	661.898666	625.096411	624.845326	
1.595121	662.201959	661.994659	625.200979	624.941319	
1.606282	662.307125	662.090652	625.306144	625.037312	
1.617537	662.413958	662.195371	625.412978	625.133305	
1.628652	662.520218	662.291365	625.519238	625.229298	
1.639828	662.627793	662.387358	625.626813	625.316564	
1.651095	662.737	662.492077	625.73602	625.421284	
1.662273	662.8461	662.596797	625.84512	625.517277	
1.673469	662.956128	662.701517	625.955148	625.61327	
1.684633	663.066579	662.806237	626.065599	625.709263	
1.69588	663.178633	662.910956	626.177653	625.805257	
1.707355	663.293797	663.015676	626.292817	625.909976	
1.718472	663.405997	663.120396	626.405017	626.005969	
1.730141	663.524731	663.216389	626.52375	626.101963	
1.741161	663.637428	663.321109	626.636447	626.206682	
1.752646	663.755835	663.434555	626.754855	626.311402	
1.763864	663.872092	663.539275	626.871112	626.407395	
1.775265	663.991201	663.635268	626.99022	626.503388	
1.786437	664.108481	663.731261	627.1075	626.599381	
1.806449	664.321666	663.923247	627.320686	626.765188	
1.813288	664.394535	663.975607	627.393555	626.826274	
1.823065	664.499353	664.062874	627.498373	626.913541	
1.833681	664.613868	664.158867	627.612888	627.000807	
1.843402	664.719292	664.25486	627.718312	627.079347	
1.854201	664.837073	664.350853	627.836092	627.184067	
1.865594	664.962199	664.446846	627.961219	627.271333	
1.876489	665.082532	664.551566	628.081552	627.367326	
1.887998	665.210473	664.656286	628.209492	627.463319	
1.8989	665.332348	664.761005	628.331368	627.568039	
1.910328	665.460872	664.856999	628.459892	627.655306	
1.921338	665.585441	664.961718	628.584461	627.760025	
1.932622	665.713895	665.057711	628.712914	627.847292	
1.943773	665.841588	665.162431	628.840607	627.952012	
1.954998	665.970817	665.258424	628.969837	628.056731	
1.966846	666.10819	665.363144	629.10721	628.152724	
1.977365	666.230689	665.459137	629.229709	628.239991	
1.988777	666.36445	665.563857	629.36347	628.335984	
1.999918	666.495711	665.668577	629.49473	628.440704	
2.011667	666.63507	665.76457	629.63409	628.536697	
2.022898	666.76899	665.860563	629.76801	628.63269	
2.034331	666.906123	665.965283	629.905143	628.728683	
2.045368	667.038555	666.061276	630.037575	628.824676	
2.056353	667.170339	666.157269	630.169359	628.920669	
2.067954	667.309587	666.261989	630.308607	629.025389	
2.080156	667.456059	666.366708	630.455079	629.121382	
2.090201	667.576599	666.471428	630.575619	629.208649	
2.101839	667.716231	666.576148	630.715251	629.313368	
2.112989	667.848901	666.663414	630.84792	629.418088	
2.124314	667.982945	666.768134	630.981965	629.505355	
2.13532	668.112482	666.864127	631.111502	629.601348	
2.146401	668.242101	666.96012	631.241121	629.697341	
2.157291	668.368811	667.06484	631.367831	629.793334	
2.168507	668.498651	667.160833	631.49767	629.8806	
2.179011	668.619538	667.256826	631.618558	629.976594	
2.191285	668.759888	667.352819	631.758908	630.081313	
2.209788	668.969091	667.518626	631.968111	630.229666	
2.215653	669.03534	667.588439	632.03436	630.290753	
2.225795	669.149325	667.675705	632.148345	630.378019	
2.244679	669.358851	667.841512	632.357871	630.543826	
2.255142	669.474589	667.937505	632.473609	630.639819	
2.266022	669.594223	668.033498	632.593243	630.727085	
2.277173	669.715992	668.138218	632.715012	630.823078	
2.288705	669.841286	668.234211	632.840306	630.927798	
2.300059	669.963706	668.33893	632.962726	631.023791	
2.311673	670.088284	668.44365	633.087303	631.128511	
2.322892	670.207777	668.54837	633.206797	631.224504	
2.334291	670.328539	668.65309	633.327558	631.320497	
2.345494	670.446351	668.757809	633.445371	631.425217	
2.356984	670.566507	668.862529	633.565527	631.512483	
2.368669	670.687823	668.958522	633.686842	631.617203	
2.379309	670.79765	669.063242	633.79667	631.713196	
2.390561	670.913036	669.159235	633.912056	631.809189	
2.401662	671.026138	669.263955	634.025158	631.905182	
2.412865	671.139563	669.368675	634.138582	632.001175	
2.424044	671.251955	669.473394	634.250975	632.105895	
2.435421	671.365616	669.578114	634.364635	632.201888	
2.446359	671.474197	669.682834	634.473216	632.297881	
2.457608	671.585075	669.787554	634.584095	632.393875	
2.468677	671.69345	669.883547	634.69247	632.489868	
2.479835	671.801977	669.988267	634.800997	632.594587	
2.492054	671.91991	670.101713	634.91893	632.699307	
2.503183	672.026627	670.206433	635.025647	632.804027	
2.514512	672.134477	670.293699	635.133497	632.90002	
2.525987	672.24296	670.398419	635.24198	632.996013	
2.537145	672.348306	670.494412	635.347326	633.092006	
2.548376	672.452372	670.599132	635.451392	633.187999	
2.559313	672.553622	670.695125	635.552642	633.283992	
2.57068	672.658037	670.799845	635.657056	633.379986	
2.58194	672.76075	670.904564	635.759769	633.484705	
2.592793	672.859049	671.009284	635.858068	633.571972	
2.604074	672.960494	671.105277	635.959514	633.667965	
2.615683	673.06408	671.20127	636.0631	633.763958	
2.626718	673.161791	671.30599	636.160811	633.868678	
2.63859	673.266133	671.401983	636.265152	633.964671	
2.649762	673.363566	671.497976	636.362586	634.069391	
2.661116	673.461794	671.602696	636.460813	634.165384	
2.672068	673.555864	671.707416	636.554884	634.270103	
2.68351	673.653395	671.812136	636.652415	634.366097	
2.694393	673.74544	671.899402	636.744459	634.46209	
2.7058	673.841122	671.995395	636.840141	634.558083	
2.716724	673.932079	672.091388	636.931099	634.654076	
2.728002	674.025221	672.196108	637.024241	634.750069	
2.739086	674.116059	672.300828	637.115078	634.846062	
2.750247	674.206764	672.388094	637.205784	634.950782	
2.761542	674.29781	672.484087	637.29683	635.046775	
2.772622	674.386381	672.580081	637.385401	635.142768	
2.784213	674.47826	672.6848	637.477279	635.238761	
2.795338	674.565706	672.78952	637.564726	635.334754	
2.806314	674.651291	672.885513	637.650311	635.430747	
2.817643	674.738928	672.981506	637.737948	635.526741	
2.828662	674.823334	673.086226	637.822354	635.622734	
2.840119	674.910384	673.190946	637.909404	635.718727	
2.851174	674.993657	673.286939	637.992677	635.81472	
2.87084	675.13903	673.452745	638.13805	635.980526	
2.877067	675.185059	673.513832	638.184079	636.024159	
2.887303	675.26003	673.601098	638.25905	636.120152	
2.897477	675.333896	673.697091	638.332916	636.198692	
2.907592	675.406754	673.784358	638.405774	636.277232	
2.918658	675.485745	673.880351	638.484765	636.373225	
2.929837	675.56474	673.976344	638.563759	636.469218	
2.941448	675.646007	674.081064	638.645027	636.565211	
2.952632	675.723564	674.177057	638.722584	636.661205	
2.963867	675.800717	674.281777	638.799736	636.748471	
2.975347	675.878788	674.37777	638.877808	636.853191	
2.986536	675.954181	674.482489	638.953201	636.949184	
2.998076	676.031082	674.578483	639.030102	637.03645	
3.009043	676.103521	674.674476	639.102541	637.132443	
3.020116	676.175884	674.779195	639.174903	637.228437	
3.031402	676.248915	674.883915	639.247935	637.32443	
3.042514	676.320101	674.979908	639.319121	637.411696	
3.053757	676.391392	675.075901	639.390412	637.507689	
3.064853	676.461019	675.180621	639.460039	637.603682	
3.076076	676.530675	675.276614	639.529695	637.699675	
3.087308	676.599695	675.372607	639.598715	637.795669	
3.098408	676.667136	675.477327	639.666156	637.882935	
3.109645	676.734688	675.582047	639.733708	637.978928	
3.120469	676.799084	675.67804	639.798104	638.074921	
3.131637	676.864771	675.774033	639.863791	638.162188	
3.142459	676.927764	675.870026	639.926784	638.258181	
3.154301	676.995865	675.974746	639.994885	638.354174	
3.165243	677.058074	676.070739	640.057094	638.458894	
3.176553	677.121641	676.175459	640.120661	638.54616	
3.188403	677.187385	676.280179	640.186405	638.65088	
3.19926	677.24695	676.384898	640.245969	638.746873	
3.210625	677.308534	676.489618	640.307554	638.842866	
3.221613	677.367392	676.585611	640.366412	638.938859	
3.233071	677.427993	676.681604	640.427013	639.034852	
3.244003	677.485099	676.777597	640.484119	639.122119	
3.255175	677.542747	676.882317	640.541767	639.218112	
3.266307	677.599441	676.97831	640.598461	639.314105	
3.277509	677.65577	677.08303	640.65479	639.410098	
3.288676	677.711201	677.179023	640.710221	639.506091	
3.300156	677.767405	677.283743	640.766425	639.593358	
3.311104	677.820317	677.379736	640.819337	639.698077	
3.322291	677.873627	677.467002	640.872647	639.785344	
3.333445	677.926074	677.571722	640.925094	639.890064	
3.344722	677.978372	677.676442	640.977392	639.97733	
3.355901	678.029467	677.772435	641.028487	640.073323	
3.367149	678.080143	677.859702	641.079163	640.169316	
3.378231	678.129365	677.955695	641.128385	640.274036	
3.389856	678.180193	678.060414	641.179213	640.370029	
3.401125	678.228729	678.165134	641.227749	640.466022	
3.412085	678.275225	678.252401	641.274245	640.562015	
3.42327	678.321982	678.339667	641.321002	640.658009	
3.434396	678.367763	678.43566	641.366783	640.754002	
3.445589	678.413086	678.5142	641.412105	640.849995	
3.456728	678.457471	678.610193	641.456491	640.954715	
3.476373	678.533029	678.72364	641.532048	641.111794	
3.482776	678.557652	678.793453	641.556672	641.181607	
3.492927	678.59601	678.854539	641.59503	641.268874	
3.503074	678.633728	678.915626	641.632748	641.364867	
3.513263	678.671015	678.976712	641.670035	641.46086	
3.524155	678.710167	679.037799	641.709187	641.548126	
3.535292	678.749485	679.107612	641.748505	641.652846	
3.546516	678.788373	679.159972	641.787393	641.748839	
3.557697	678.826392	679.212332	641.825412	641.844832	
3.568884	678.863716	679.255965	641.862736	641.940826	
3.580081	678.900334	679.308325	641.899354	642.028092	
3.591722	678.937622	679.351958	641.936642	642.115358	
3.60298	678.972967	679.386865	641.971986	642.193898	
3.614102	679.007165	679.421771	642.006185	642.263711	
3.625306	679.040911	679.447951	642.03993	642.333525	
3.636445	679.073736	679.474131	642.072755	642.403338	
3.647623	679.105975	679.491584	642.104995	642.455698	
3.658825	679.137542	679.517764	642.136562	642.508058	
3.670313	679.169172	679.526491	642.168192	642.551691	
3.681194	679.19846	679.543944	642.19748	642.595324	
3.692523	679.228213	679.561398	642.227232	642.630231	
3.704002	679.257605	679.561398	642.256625	642.665137	
3.715293	679.285786	679.578851	642.284806	642.68259	
3.726037	679.311962	679.578851	642.310982	642.70877	
3.737271	679.338619	679.587577	642.337639	642.717497	
3.7484	679.364302	679.587577	642.363322	642.73495	
3.759589	679.38942	679.587577	642.388439	642.743677	
3.779313	679.431036	679.578851	642.430056	642.743677	
3.783668	679.440293	679.578851	642.439313	642.743677	
3.793911	679.46134	679.578851	642.46036	642.73495	
3.804347	679.48217	679.587577	642.48119	642.73495	
3.815519	679.503742	679.587577	642.502762	642.73495	
3.826718	679.524656	679.587577	642.523676	642.73495	
3.837847	679.544751	679.596304	642.543771	642.73495	
3.84903	679.564253	679.596304	642.563273	642.73495	
3.860235	679.583085	679.596304	642.582105	642.73495	
3.871489	679.601305	679.596304	642.600325	642.743677	
3.882661	679.618707	679.613757	642.617727	642.743677	
3.894114	679.635814	679.631211	642.634834	642.743677	
3.905307	679.651848	679.639937	642.650867	642.752404	
3.916454	679.667144	679.657391	642.666164	642.752404	
3.927643	679.681814	679.666117	642.680834	642.752404	
3.939296	679.696349	679.683571	642.695369	642.752404	
3.950132	679.709239	679.701024	642.708259	642.752404	
3.961436	679.721996	679.718477	642.721016	642.752404	
3.97256	679.733897	679.73593	642.732917	642.752404	
3.983745	679.745198	679.73593	642.744218	642.752404	
3.994988	679.755889	679.753384	642.754909	642.752404	
4.006069	679.765787	679.770837	642.764806	642.76113	
4.017296	679.775162	679.770837	642.774182	642.769857	
4.028438	679.783826	679.78829	642.782846	642.78731	
4.040025	679.792145	679.797017	642.791165	642.796037	
4.050916	679.799388	679.805744	642.798408	642.81349	
4.062002	679.806144	679.81447	642.805164	642.830943	
4.073204	679.81236	679.823197	642.81138	642.848397	
4.084871	679.818172	679.831924	642.817192	642.86585	
4.095513	679.822968	679.84065	642.821988	642.883303	
4.10669	679.827425	679.849377	642.826444	642.900757	
4.118065	679.831383	679.858104	642.830403	642.91821	
4.129085	679.834711	679.875557	642.833731	642.926937	
4.14027	679.837579	679.875557	642.836599	642.935663	
4.151532	679.839981	679.89301	642.839001	642.94439	
4.162739	679.841928	679.901737	642.840948	642.961843	
4.174101	679.847535	679.910463	642.846555	642.961843	
4.185092	679.847535	679.910463	642.846555	642.97057	
4.197059	679.847535	679.927917	642.846555	642.979296	
4.20748	679.847535	679.936643	642.846555	642.979296	
4.218655	679.847535	679.94537	642.846555	642.979296	
4.239927	679.847535	679.94537	642.846555	642.979296	
4.244327	679.847535	679.94537	642.846555	642.979296	
4.254487	679.847535	679.94537	642.846555	642.979296	
4.264668	679.847535	679.94537	642.846555	642.979296	
4.274957	679.847535	679.94537	642.846555	642.979296	
4.286075	679.847535	679.94537	642.846555	642.979296	
4.297733	679.847535	679.94537	642.846555	642.979296	
4.308821	679.847535	679.94537	642.846555	642.979296	
4.31994	679.847535	679.94537	642.846555	642.979296	
4.331227	679.847535	679.94537	642.846555	642.979296	
4.342443	679.847535	679.94537	642.846555	642.979296	
4.353708	679.847535	679.94537	642.846555	642.979296	
4.364732	679.847535	679.94537	642.846555	642.979296	
4.375948	679.847535	679.94537	642.846555	642.979296	
4.38726	679.847535	679.94537	642.846555	642.979296	
4.398363	679.847535	679.94537	642.846555	642.979296	
4.409675	679.847535	679.94537	642.846555	642.979296	
4.429764	679.847535	679.94537	642.846555	642.979296	
4.434129	679.847535	679.94537	642.846555	642.979296	
4.444353	679.847535	679.94537	642.846555	642.979296	
4.454875	679.847535	679.94537	642.846555	642.979296	
4.466065	679.847535	679.94537	642.846555	642.979296	
4.477243	679.847535	679.94537	642.846555	642.979296	
4.488594	679.847535	679.94537	642.846555	642.979296	
4.499649	679.847535	679.94537	642.846555	642.979296	
4.51088	679.847535	679.94537	642.846555	642.979296	
4.522486	679.847535	679.94537	642.846555	642.979296	
4.533153	679.847535	679.94537	642.846555	642.979296	
4.544383	679.847535	679.94537	642.846555	642.979296	
4.555591	679.847535	679.94537	642.846555	642.979296	
4.566754	679.847535	679.94537	642.846555	642.979296	
4.577991	679.847535	679.94537	642.846555	642.979296	
4.589098	679.847535	679.94537	642.846555	642.979296	
4.600326	679.847535	679.94537	642.846555	642.979296	
4.611585	679.847535	679.94537	642.846555	642.979296	
4.62278	679.847535	679.94537	642.846555	642.979296	
4.633972	679.847535	679.94537	642.846555	642.979296	
4.645094	679.847535	679.94537	642.846555	642.979296	
4.656342	679.847535	679.94537	642.846555	642.979296	
4.667546	679.847535	679.94537	642.846555	642.979296	
4.67868	679.847535	679.94537	642.846555	642.979296	
4.690132	679.847535	679.94537	642.846555	642.979296	
4.701117	679.847535	679.94537	642.846555	642.979296	
4.712338	679.847535	679.94537	642.846555	642.97057	
4.723564	679.847535	679.94537	642.846555	642.97057	
4.734702	679.847535	679.94537	642.846555	642.97057	
4.745928	679.847535	679.94537	642.846555	642.97057	
4.757102	679.847535	679.94537	642.846555	642.97057	
4.768321	679.847535	679.94537	642.846555	642.97057	
4.779485	679.847535	679.94537	642.846555	642.97057	
4.791132	679.847535	679.94537	642.846555	642.961843	
4.802085	679.847535	679.94537	642.846555	642.961843	
4.813097	679.847535	679.94537	642.846555	642.961843	
4.824321	679.847535	679.94537	642.846555	642.961843	
4.835486	679.847535	679.94537	642.846555	642.961843	
4.846638	679.847535	679.94537	642.846555	642.961843	
4.857957	679.847535	679.94537	642.846555	642.961843	
4.869008	679.847535	679.94537	642.846555	642.961843	
4.88037	679.847535	679.94537	642.846555	642.961843	
4.891817	679.847535	679.94537	642.846555	642.961843	
4.903082	679.847535	679.94537	642.846555	642.961843	
4.914295	679.847535	679.94537	642.846555	642.953116	
4.925445	679.847535	679.94537	642.846555	642.953116	
4.936581	679.847535	679.94537	642.846555	642.94439	
4.947858	679.847535	679.94537	642.846555	642.94439	
4.959165	679.847535	679.94537	642.846555	642.94439	
4.970202	679.847535	679.94537	642.846555	642.94439	
4.9814	679.847535	679.94537	642.846555	642.94439	
4.992612	679.847535	679.94537	642.846555	642.935663	
5.003833	679.847535	679.94537	642.846555	642.935663	
5.015046	679.847535	679.94537	642.846555	642.935663	
5.026208	679.847535	679.94537	642.846555	642.935663	
5.037341	679.847535	679.94537	642.846555	642.94439	
5.048481	679.847535	679.94537	642.846555	642.94439	
5.059676	679.847535	679.94537	642.846555	642.94439	
5.070863	679.847535	679.94537	642.846555	642.94439	
5.083469	679.847535	679.94537	642.846555	642.94439	
5.093664	679.847535	679.94537	642.846555	642.94439	
5.104837	679.847535	679.94537	642.846555	642.935663	
5.116056	679.847535	679.94537	642.846555	642.935663	
5.127279	679.847535	679.94537	642.846555	642.935663	
5.138624	679.847535	679.94537	642.846555	642.935663	
5.149638	679.847535	679.94537	642.846555	642.935663	
5.160837	679.847535	679.94537	642.846555	642.935663	
5.172569	679.847535	679.94537	642.846555	642.935663	
5.183728	679.847535	679.94537	642.846555	642.935663	
5.195371	679.847535	679.94537	642.846555	642.935663	
5.20612	679.847535	679.94537	642.846555	642.935663	
5.21732	679.847535	679.94537	642.846555	642.935663	
5.228482	679.847535	679.936643	642.846555	642.935663	
5.240032	679.847535	679.936643	642.846555	642.935663	
5.251064	679.847535	679.936643	642.846555	642.935663	
5.262208	679.847535	679.94537	642.846555	642.935663	
5.273412	679.847535	679.94537	642.846555	642.935663	
5.284546	679.847535	679.94537	642.846555	642.935663	
5.295749	679.847535	679.94537	642.846555	642.935663	
5.306935	679.847535	679.936643	642.846555	642.935663	
5.318133	679.847535	679.936643	642.846555	642.935663	
5.329308	679.847535	679.936643	642.846555	642.935663	
5.350453	679.847535	679.936643	642.846555	642.935663	
5.354857	679.847535	679.927917	642.846555	642.935663	
5.365021	679.847535	679.927917	642.846555	642.935663	
5.375273	679.847535	679.927917	642.846555	642.935663	
5.385379	679.847535	679.927917	642.846555	642.935663	
5.39649	679.847535	679.927917	642.846555	642.935663	
5.407699	679.847535	679.927917	642.846555	642.935663	
5.418874	679.847535	679.91919	642.846555	642.935663	
5.430013	679.847535	679.91919	642.846555	642.935663	
5.441713	679.847535	679.91919	642.846555	642.935663	
5.452839	679.847535	679.91919	642.846555	642.935663	
5.464024	679.847535	679.91919	642.846555	642.935663	
5.475277	679.847535	679.927917	642.846555	642.935663	
5.48636	679.847535	679.927917	642.846555	642.935663	
5.497624	679.847535	679.927917	642.846555	642.935663	
5.508728	679.847535	679.927917	642.846555	642.935663	
5.519917	679.847535	679.91919	642.846555	642.935663	
5.531227	679.847535	679.91919	642.846555	642.935663	
5.54246	679.847535	679.910463	642.846555	642.935663	
5.553725	679.847535	679.910463	642.846555	642.935663	
5.564821	679.847535	679.910463	642.846555	642.935663	
5.576007	679.847535	679.910463	642.846555	642.926937	
5.587303	679.847535	679.91919	642.846555	642.926937	
5.598376	679.847535	679.91919	642.846555	642.926937	
5.609648	679.847535	679.91919	642.846555	642.926937	
5.620786	679.847535	679.910463	642.846555	642.926937	
5.631931	679.847535	679.910463	642.846555	642.926937	
5.64315	679.847535	679.910463	642.846555	642.91821	
5.654278	679.847535	679.910463	642.846555	642.91821	
5.66547	679.847535	679.910463	642.846555	642.91821	
5.676642	679.847535	679.910463	642.846555	642.909483	
5.687821	679.847535	679.910463	642.846555	642.909483	
5.699055	679.847535	679.901737	642.846555	642.900757	
5.710178	679.847535	679.89301	642.846555	642.900757	
5.721446	679.847535	679.89301	642.846555	642.89203	
5.732592	679.847535	679.89301	642.846555	642.89203	
5.743775	679.847535	679.89301	642.846555	642.89203	
5.754973	679.847535	679.89301	642.846555	642.883303	
5.766139	679.847535	679.901737	642.846555	642.874577	
5.777345	679.847535	679.901737	642.846555	642.874577	
5.788686	679.847535	679.910463	642.846555	642.874577	
5.799715	679.847535	679.901737	642.846555	642.874577	
5.810952	679.847535	679.901737	642.846555	642.874577	
5.822069	679.847535	679.89301	642.846555	642.874577	
5.833228	679.847535	679.89301	642.846555	642.874577	
5.844419	679.847535	679.89301	642.846555	642.874577	
5.855648	679.847535	679.901737	642.846555	642.874577	
5.866843	679.847535	679.901737	642.846555	642.874577	
5.877994	679.847535	679.901737	642.846555	642.874577	
5.889108	679.847535	679.901737	642.846555	642.874577	
5.900308	679.847535	679.901737	642.846555	642.874577	
5.911758	679.847535	679.89301	642.846555	642.874577	
5.922925	679.847535	679.89301	642.846555	642.874577	
5.934031	679.847535	679.89301	642.846555	642.874577	
5.945213	679.847535	679.89301	642.846555	642.874577	
5.956211	679.847535	679.89301	642.846555	642.874577	
5.967399	679.847535	679.89301	642.846555	642.874577	
5.978563	679.847535	679.89301	642.846555	642.874577	
5.989981	679.847535	679.89301	642.846555	642.874577	
6.000953	679.847535	679.89301	642.846555	642.874577	
6.012259	679.847535	679.89301	642.846555	642.874577	
6.023467	679.847535	679.89301	642.846555	642.874577	
6.0346	679.847535	679.89301	642.846555	642.874577	
6.045789	679.847535	679.89301	642.846555	642.874577	
6.057052	679.847535	679.89301	642.846555	642.874577	
6.06822	679.847535	679.89301	642.846555	642.874577	
6.079425	679.847535	679.89301	642.846555	642.874577	
6.090562	679.847535	679.89301	642.846555	642.874577	
6.101847	679.847535	679.89301	642.846555	642.874577	
6.113008	679.847535	679.89301	642.846555	642.874577	
6.124267	679.847535	679.89301	642.846555	642.874577	
6.135425	679.847535	679.89301	642.846555	642.874577	
6.14658	679.847535	679.89301	642.846555	642.874577	
6.157791	679.847535	679.89301	642.846555	642.874577	
6.168961	679.847535	679.89301	642.846555	642.874577	
6.180177	679.847535	679.89301	642.846555	642.874577	
6.191799	679.847535	679.89301	642.846555	642.874577	
6.20431	679.847535	679.89301	642.846555	642.874577	
6.215492	679.847535	679.89301	642.846555	642.874577	
6.226622	679.847535	679.89301	642.846555	642.874577	
6.242786	679.847535	679.89301	642.846555	642.874577	
6.25396	679.847535	679.89301	642.846555	642.874577	
6.265169	679.847535	679.89301	642.846555	642.874577	
6.276411	679.847535	679.89301	642.846555	642.874577	
6.287543	679.847535	679.89301	642.846555	642.874577	
6.298759	679.847535	679.89301	642.846555	642.874577	
6.309908	679.847535	679.89301	642.846555	642.874577	
6.321202	679.847535	679.89301	642.846555	642.874577	
6.332404	679.847535	679.89301	642.846555	642.874577	
6.343607	679.847535	679.89301	642.846555	642.874577	
6.354773	679.847535	679.89301	642.846555	642.874577	
6.366611	679.847535	679.89301	642.846555	642.874577	
6.377551	679.847535	679.89301	642.846555	642.874577	
6.388691	679.847535	679.89301	642.846555	642.874577	
6.399871	679.847535	679.89301	642.846555	642.874577	
6.411074	679.847535	679.89301	642.846555	642.874577	
6.422323	679.847535	679.89301	642.846555	642.874577	
6.433476	679.847535	679.89301	642.846555	642.874577	
6.444624	679.847535	679.89301	642.846555	642.874577	
6.455789	679.847535	679.89301	642.846555	642.874577	
6.46708	679.847535	679.89301	642.846555	642.874577	
6.477534	679.847535	679.89301	642.846555	642.874577	
6.488629	679.847535	679.89301	642.846555	642.874577	
6.507706	679.847535	679.89301	642.846555	642.874577	
6.512083	679.847535	679.89301	642.846555	642.874577	
6.522295	679.847535	679.89301	642.846555	642.874577	
6.532771	679.847535	679.89301	642.846555	642.874577	
6.543979	679.847535	679.89301	642.846555	642.874577	
6.555191	679.847535	679.89301	642.846555	642.874577	
6.566334	679.847535	679.89301	642.846555	642.874577	
6.577539	679.847535	679.89301	642.846555	642.874577	
6.588714	679.847535	679.89301	642.846555	642.874577	
6.599859	679.847535	679.89301	642.846555	642.874577	
6.611106	679.847535	679.89301	642.846555	642.874577	
6.622286	679.847535	679.89301	642.846555	642.874577	
6.633454	679.847535	679.89301	642.846555	642.874577	
6.644606	679.847535	679.89301	642.846555	642.874577	
6.655819	679.847535	679.89301	642.846555	642.874577	
6.667004	679.847535	679.89301	642.846555	642.874577	
6.678175	679.847535	679.89301	642.846555	642.874577	
6.707646	679.847535	679.89301	642.846555	642.874577	
6.712063	679.847535	679.89301	642.846555	642.874577	
6.722925	679.847535	679.89301	642.846555	642.874577	
6.734049	679.847535	679.89301	642.846555	642.874577	
6.745254	679.847535	679.89301	642.846555	642.874577	
6.756479	679.847535	679.89301	642.846555	642.874577	
6.767669	679.847535	679.89301	642.846555	642.874577	
6.778814	679.847535	679.89301	642.846555	642.874577	
6.790141	679.847535	679.89301	642.846555	642.874577	
6.801428	679.847535	679.89301	642.846555	642.874577	
6.812505	679.847535	679.89301	642.846555	642.874577	
6.82368	679.847535	679.89301	642.846555	642.874577	
6.834849	679.847535	679.89301	642.846555	642.874577	
6.845992	679.847535	679.89301	642.846555	642.874577	
6.857224	679.847535	679.89301	642.846555	642.874577	
6.868433	679.847535	679.89301	642.846555	642.874577	
6.879615	679.847535	679.89301	642.846555	642.874577	
6.899327	679.847535	679.89301	642.846555	642.874577	
6.903718	679.847535	679.89301	642.846555	642.874577	
6.913957	679.847535	679.89301	642.846555	642.874577	
6.924457	679.847535	679.89301	642.846555	642.874577	
6.935597	679.847535	679.89301	642.846555	642.874577	
6.946821	679.847535	679.89301	642.846555	642.874577	
6.957965	679.847535	679.89301	642.846555	642.874577	
6.969128	679.847535	679.89301	642.846555	642.874577	
6.980335	679.847535	679.89301	642.846555	642.874577	
6.991943	679.847535	679.89301	642.846555	642.874577	
7.003102	679.847535	679.89301	642.846555	642.874577	
7.014265	679.847535	679.89301	642.846555	642.874577	
7.025424	679.847535	679.89301	642.846555	642.874577	
7.036621	679.847535	679.89301	642.846555	642.874577	
7.047762	679.847535	679.89301	642.846555	642.874577	
7.058963	679.847535	679.89301	642.846555	642.874577	
7.070107	679.847535	679.89301	642.846555	642.874577	
7.081363	679.847535	679.89301	642.846555	642.874577	
7.092595	679.847535	679.89301	642.846555	642.874577	
7.103762	679.847535	679.89301	642.846555	642.874577	
7.114918	679.847535	679.89301	642.846555	642.874577	
7.126137	679.847535	679.89301	642.846555	642.874577	
7.137321	679.847535	679.89301	642.846555	642.874577	
7.148691	679.847535	679.89301	642.846555	642.874577	
7.159698	679.847535	679.89301	642.846555	642.874577	
7.171182	679.847535	679.89301	642.846555	642.874577	
7.182329	679.847535	679.89301	642.846555	642.874577	
7.193511	679.847535	679.89301	642.846555	642.874577	
7.206189	679.847535	679.89301	642.846555	642.874577	
7.217401	679.847535	679.89301	642.846555	642.874577	
7.228602	679.847535	679.89301	642.846555	642.874577	
7.239756	679.847535	679.89301	642.846555	642.874577	
7.251433	679.847535	679.89301	642.846555	642.874577	
7.262567	679.847535	679.89301	642.846555	642.874577	
7.273793	679.847535	679.89301	642.846555	642.874577	
7.284935	679.847535	679.89301	642.846555	642.874577	
7.296078	679.847535	679.89301	642.846555	642.874577	
7.307331	679.847535	679.89301	642.846555	642.874577	
7.318441	679.847535	679.89301	642.846555	642.874577	
7.329638	679.847535	679.89301	642.846555	642.874577	
7.340818	679.847535	679.89301	642.846555	642.874577	
7.352375	679.847535	679.89301	642.846555	642.874577	
7.363617	679.847535	679.89301	642.846555	642.874577	
7.374763	679.847535	679.89301	642.846555	642.874577	
7.386015	679.847535	679.89301	642.846555	642.874577	
7.397207	679.847535	679.89301	642.846555	642.874577	
7.408277	679.847535	679.89301	642.846555	642.874577	
7.419519	679.847535	679.89301	642.846555	642.874577	
7.430612	679.847535	679.89301	642.846555	642.874577	
7.44192	679.847535	679.89301	642.846555	642.874577	
7.453021	679.847535	679.89301	642.846555	642.874577	
7.464211	679.847535	679.89301	642.846555	642.874577	
7.475523	679.847535	679.89301	642.846555	642.874577	
7.486655	679.847535	679.89301	642.846555	642.874577	
7.497848	679.847535	679.89301	642.846555	642.874577	
7.508992	679.847535	679.89301	642.846555	642.874577	
7.520143	679.847535	679.89301	642.846555	642.874577	
7.531465	679.847535	679.89301	642.846555	642.874577	
7.542542	679.847535	679.89301	642.846555	642.874577	
7.554028	679.847535	679.89301	642.846555	642.874577	
7.565103	679.847535	679.89301	642.846555	642.874577	
7.576582	679.847535	679.89301	642.846555	642.874577	
7.58751	679.847535	679.89301	642.846555	642.874577	
7.598659	679.847535	679.89301	642.846555	642.874577	
7.609768	679.847535	679.89301	642.846555	642.874577	
7.621013	679.847535	679.89301	642.846555	642.874577	
7.632187	679.847535	679.89301	642.846555	642.874577	
7.643416	679.847535	679.89301	642.846555	642.874577	
7.654526	679.847535	679.89301	642.846555	642.874577	
7.665728	679.847535	679.89301	642.846555	642.874577	
7.676885	679.847535	679.89301	642.846555	642.874577	
7.688065	679.847535	679.89301	642.846555	642.874577	
7.708818	679.847535	679.89301	642.846555	642.874577	
7.713334	679.847535	679.89301	642.846555	642.874577	
7.732654	679.847535	679.89301	642.846555	642.874577	
7.737062	679.847535	679.89301	642.846555	642.874577	
7.747461	679.847535	679.884283	642.846555	642.874577	
7.757614	679.847535	679.884283	642.846555	642.874577	
7.767567	679.847535	679.875557	642.846555	642.874577	
7.77771	679.847535	679.875557	642.846555	642.874577	
7.788473	679.847535	679.875557	642.846555	642.874577	
7.80013	679.847535	679.86683	642.846555	642.874577	
7.811053	679.847535	679.858104	642.846555	642.874577	
7.822251	679.847535	679.849377	642.846555	642.874577	
7.833442	679.847535	679.84065	642.846555	642.874577	
7.844667	679.847535	679.84065	642.846555	642.874577	
7.855881	679.847535	679.84065	642.846555	642.874577	
7.867068	679.847535	679.831924	642.846555	642.874577	
7.878219	679.847535	679.831924	642.846555	642.874577	
7.889405	679.847535	679.831924	642.846555	642.874577	
7.900628	679.847535	679.831924	642.846555	642.874577	
