0.03599237	3.72627795	3.72627795	3.67391808	3.67391808	
0.04055928	3.72646469	3.72627795	3.67410481	3.67391808	
0.0507651	3.72768192	3.72627795	3.67532204	3.67391808	
0.06154191	3.72968138	3.72627795	3.67732151	3.67391808	
0.07185973	3.73222134	3.72627795	3.67986147	3.67391808	
0.08300454	3.73573845	3.72627795	3.68337857	3.67391808	
0.09274536	3.73933849	3.7350046	3.68697861	3.67391808	
0.1025542	3.7435452	3.7350046	3.69118532	3.68264472	
0.112334	3.74830987	3.7350046	3.69595	3.68264472	
0.1224738	3.75387877	3.7350046	3.70151889	3.68264472	
0.1326037	3.76005675	3.7350046	3.70769687	3.68264472	
0.1428035	3.76690738	3.7350046	3.7145475	3.68264472	
0.1528843	3.77428134	3.7350046	3.72192147	3.68264472	
0.1631211	3.7824011	3.7350046	3.73004122	3.68264472	
0.1740479	3.79180981	3.7350046	3.73944993	3.68264472	
0.1852047	3.80217215	3.74373125	3.74981227	3.68264472	
0.1964435	3.81336925	3.75245789	3.76100937	3.68264472	
0.2161432	3.83588152	3.75245789	3.78352164	3.69137137	
0.2205591	3.84077663	3.76118454	3.78841675	3.69137137	
0.2307359	3.85298176	3.76118454	3.80062188	3.69137137	
0.2410917	3.8660482	3.76991118	3.81368833	3.70009801	
0.2523665	3.88106517	3.76991118	3.82870529	3.70009801	
0.2635444	3.89678923	3.77863783	3.84442935	3.70882466	
0.2747862	3.91319097	3.79609112	3.86083109	3.71755131	
0.2864149	3.9310757	3.80481777	3.87871582	3.7350046	
0.2971168	3.94817622	3.82227106	3.89581635	3.74373125	
0.3107715	3.97125295	3.83972435	3.91889307	3.76118454	
0.3199674	3.98716766	3.85717765	3.93480778	3.77863783	
0.3311682	4.00738669	3.87463094	3.95502681	3.79609112	
0.342331	4.02826817	3.90081088	3.9759083	3.82227106	
0.3535278	4.04997823	3.91826417	3.99761835	3.848451	
0.3647816	4.07255866	3.94444411	4.02019878	3.87463094	
0.3759004	4.09560334	3.97935069	4.04324346	3.90081088	
0.3871232	4.11962941	4.00553063	4.06726953	3.92699082	
0.39831	4.14432145	4.03171057	4.09196157	3.9618974	
0.4095698	4.16993532	4.06661716	4.11757544	3.99680399	
0.4207526	4.19612638	4.10152374	4.1437665	4.03171057	
0.4321664	4.22376622	4.13643033	4.17140634	4.06661716	
0.4438792	4.25273713	4.16261027	4.20037726	4.11025039	
0.455194	4.28157249	4.19751685	4.22921261	4.14515697	
0.4658978	4.3095205	4.23242344	4.25716062	4.1887902	
0.4771336	4.33964131	4.26733002	4.28728144	4.22369679	
0.4883784	4.37054539	4.30223661	4.31818551	4.26733002	
0.4995242	4.40191381	4.33714319	4.34955393	4.31096325	
0.510697	4.43411098	4.38077642	4.38175111	4.34586984	
0.5218978	4.46713646	4.41568301	4.41477659	4.38077642	
0.5331156	4.50096744	4.45058959	4.44860757	4.41568301	
0.5443204	4.53562965	4.48549618	4.48326977	4.45058959	
0.5555102	4.57078324	4.52040276	4.51842336	4.47676953	
0.56667	4.60668384	4.55530935	4.55432396	4.51167612	
0.5779298	4.64367679	4.59021593	4.59131691	4.53785606	
0.5896796	4.68312174	4.62512252	4.63076186	4.57276264	
0.6008624	4.72140135	4.65130246	4.66904147	4.59894258	
0.6205621	4.79168308	4.6774824	4.7393232	4.6600291	
0.624941	4.80719303	4.71238898	4.75483315	4.66875575	
0.6350988	4.84401635	4.74729557	4.79165647	4.69493569	
0.6456146	4.88280846	4.78220215	4.83044858	4.72984227	
0.6569554	4.92546313	4.81710874	4.87310325	4.76474886	
0.6680472	4.96788065	4.85201532	4.91552078	4.80838209	
0.679214	5.01135524	4.89564855	4.95899536	4.84328867	
0.6903948	5.05561878	4.93928178	5.0032589	4.88692191	
0.7016016	5.10075171	4.99164166	5.04839183	4.93055514	
0.7127794	5.14652076	5.02654825	5.09416089	4.97418837	
0.7239642	5.19308225	5.07890812	5.14072238	5.0178216	
0.735108	5.24018713	5.131268	5.18782725	5.06145483	
0.7462808	5.28816859	5.16617459	5.23580872	5.11381471	
0.7660765	5.37607336	5.26216769	5.32371348	5.20108117	
0.7704074	5.39519167	5.27962099	5.34283179	5.22726111	
0.7805762	5.44093121	5.33198086	5.38857133	5.27089434	
0.791113	5.48900845	5.3756141	5.43664858	5.32325422	
0.8022788	5.54072465	5.43670062	5.48836477	5.3756141	
0.8142866	5.59722629	5.49778714	5.54486641	5.44542727	
0.8255324	5.65088491	5.55014702	5.59852503	5.49778714	
0.8366812	5.70480862	5.61123355	5.65244874	5.55887367	
0.847948	5.76008357	5.66359342	5.70772369	5.61996019	
0.8593478	5.81679031	5.72467995	5.76443044	5.68104672	
0.8705286	5.87314015	5.79449312	5.82078028	5.74213324	
0.8817604	5.93052109	5.84685299	5.87816122	5.80321976	
0.8929772	5.98858524	5.90793952	5.93622536	5.86430629	
0.9041201	6.04702522	5.96902604	5.99466534	5.92539281	
0.9153419	6.10657875	6.03011257	6.05421887	5.98647933	
0.9264907	6.16652009	6.09119909	6.11416021	6.03883921	
0.9377585	6.2278615	6.14355897	6.17550162	6.09992574	
0.9489103	6.28930794	6.21337214	6.23694807	6.16101226	
0.9600961	6.35171611	6.26573201	6.29935623	6.22209878	
0.9712859	6.41490977	6.32681854	6.3625499	6.27445866	
0.9824397	6.47858789	6.38790506	6.42622801	6.33554518	
0.9936605	6.54345266	6.45771823	6.49109279	6.40535835	
1.005268	6.61136448	6.51880476	6.5590046	6.46644488	
1.016082	6.67530094	6.57989128	6.62294106	6.5275314	
1.027244	6.74206631	6.64970445	6.68970644	6.59734457	
1.038435	6.80972079	6.71079097	6.75736091	6.6584311	
1.049795	6.87922652	6.78060414	6.82686664	6.72824427	
1.061306	6.95046283	6.85041731	6.89810296	6.79805744	
1.07515	7.03733472	6.93768378	6.98497484	6.8853239	
1.086301	7.10796626	7.00749695	7.05560638	6.95513707	
1.097447	7.17933059	7.08603676	7.12697071	7.02495024	
1.109172	7.25523394	7.15584993	7.20287407	7.09476341	
1.120372	7.32871229	7.2256631	7.27635242	7.17330323	
1.131534	7.40222356	7.29547627	7.34986369	7.2431164	
1.142703	7.4767622	7.36528944	7.42440232	7.31292957	
1.154073	7.5534453	7.43510261	7.50108542	7.38274274	
1.165149	7.62887969	7.51364243	7.57651981	7.46128255	
1.176553	7.70728339	7.59218225	7.65492352	7.53982237	
1.187443	7.78289557	7.67072206	7.7305357	7.61836218	
1.19865	7.86142304	7.74926188	7.80906316	7.696902	
1.209823	7.94048105	7.8278017	7.88812117	7.77544182	
1.22109	8.0209762	7.91506816	7.96861632	7.85398163	
1.232266	8.10184545	7.99360797	8.04948557	7.9412481	
1.243426	8.18279036	8.08087444	8.13043048	8.01978791	
1.255245	8.26970066	8.1681409	8.21734078	8.10705438	
1.265994	8.3493371	8.24668072	8.29697722	8.18559419	
1.277218	8.43332616	8.34267382	8.38096628	8.27286065	
1.2885	8.51848459	8.42121364	8.46612471	8.36012712	
1.300001	8.60612044	8.5084801	8.55376056	8.44739358	
1.310977	8.6904079	8.58701992	8.63804802	8.53466004	
1.322582	8.78042779	8.68301303	8.72806791	8.6219265	
1.333511	8.86584535	8.77027949	8.81348548	8.71791961	
1.344741	8.95443841	8.85754595	8.90207853	8.80518608	
1.356238	9.04593186	8.94481242	8.99357198	8.90117919	
1.367165	9.13350733	9.04080553	9.08114745	8.98844565	
1.378422	9.22457353	9.12807199	9.17221366	9.07571211	
1.389658	9.31621042	9.21533845	9.26385054	9.17170522	
1.40082	9.40798052	9.31133156	9.35562064	9.26769833	
1.41202	9.50082525	9.39859802	9.44846537	9.35496479	
1.423201	9.59200812	9.49459113	9.53964824	9.44223125	
1.43447	9.68319276	9.59058424	9.63083288	9.53822436	
1.445543	9.77204692	9.68657735	9.71968704	9.63421747	
1.456835	9.86191065	9.77384381	9.80955077	9.73021058	
1.467968	9.94974037	9.87856357	9.89738049	9.82620369	
1.479118	10.0369748	9.97455668	9.98461488	9.91347015	
1.490275	10.1235567	10.0705498	10.0711968	10.0094633	
1.501893	10.2129146	10.1578162	10.1605547	10.1054564	
1.51326	10.2995623	10.262536	10.2472024	10.2101761	
1.524288	10.3828717	10.3498025	10.3305118	10.2974426	
1.535421	10.4662672	10.4370689	10.4139073	10.384709	
1.546569	10.5490752	10.5243354	10.4967153	10.4719755	
1.558206	10.6346441	10.6116019	10.5822842	10.559242	
1.56977	10.7189375	10.6988683	10.6665776	10.6465084	
1.580928	10.7995055	10.7861348	10.7471456	10.7337749	
1.592107	10.8794709	10.8559479	10.8271111	10.8123147	
1.60329	10.9587532	10.9344878	10.9063934	10.8908545	
1.614606	11.0382578	11.0130276	10.985898	10.9693943	
1.625684	11.1153173	11.0915674	11.0629574	11.0479342	
1.636883	11.1924662	11.1701072	11.1401063	11.1177473	
1.648108	11.2690621	11.2399204	11.2167022	11.1962872	
1.65933	11.3449131	11.3097336	11.2925532	11.2661003	
1.670498	11.419637	11.3795467	11.3672771	11.3359135	
1.681744	11.4941657	11.4493599	11.4418058	11.4057267	
1.692905	11.5673717	11.5191731	11.5150118	11.4755398	
1.704106	11.6401168	11.5889862	11.587757	11.545353	
1.715327	11.7122282	11.6587994	11.6598683	11.6151662	
1.726492	11.7832392	11.7286126	11.7308793	11.6762527	
1.737716	11.8539171	11.7984257	11.8015573	11.7460659	
1.748911	11.9236241	11.8682389	11.8712642	11.815879	
1.760111	11.9926648	11.9205988	11.9403049	11.8856922	
1.771313	12.0609349	11.990412	12.008575	11.9467787	
1.782449	12.1280975	12.0514985	12.0757376	12.0078653	
1.793688	12.1951564	12.112585	12.1427966	12.0776784	
1.805259	12.2633653	12.1823982	12.2110054	12.1387649	
1.816848	12.3308996	12.2522113	12.2785398	12.2085781	
1.828138	12.3959334	12.3132979	12.3435735	12.2783913	
1.839303	12.459517	12.3743844	12.4071571	12.3394778	
1.850494	12.522527	12.4441976	12.4701672	12.409291	
1.861701	12.5848815	12.5140107	12.5325216	12.4791042	
1.872886	12.6463779	12.5750973	12.594018	12.5401907	
1.884076	12.70717	12.6361838	12.6548102	12.6012772	
1.895256	12.7671675	12.705997	12.7148076	12.6710904	
1.906771	12.8281819	12.7758101	12.775822	12.7409035	
1.917744	12.8856137	12.8456233	12.8332538	12.8019901	
1.928862	12.9430989	12.9067098	12.890739	12.8630766	
1.940067	13.0002578	12.9677963	12.9478979	12.9241631	
1.951176	13.0562303	13.0288829	13.0038704	12.9852496	
1.962348	13.1117948	13.0899694	13.0594349	13.0463362	
1.973626	13.1671119	13.1510559	13.114752	13.1074227	
1.984786	13.2211376	13.2034158	13.1687778	13.1597826	
1.995862	13.2740352	13.2645023	13.2216753	13.2121424	
2.007032	13.3266424	13.3168622	13.2742825	13.273229	
2.018297	13.3789548	13.3692221	13.3265949	13.3168622	
2.029596	13.4306671	13.4215819	13.3783072	13.3692221	
2.040809	13.4812613	13.4739418	13.4289014	13.4215819	
2.05196	13.5308455	13.5088484	13.4784856	13.4652152	
2.063159	13.5799165	13.5612083	13.5275566	13.5088484	
2.074354	13.628237	13.6048415	13.5758771	13.5612083	
2.085746	13.6766589	13.6484748	13.624299	13.5961149	
2.096805	13.7229247	13.6833813	13.6705649	13.6397481	
2.10844	13.7707955	13.7357412	13.7184357	13.6833813	
2.119597	13.8159965	13.7793744	13.7636366	13.7182879	
2.130775	13.8605724	13.8230077	13.8082125	13.7531945	
2.141939	13.9043466	13.8579143	13.8519867	13.7968277	
2.153093	13.9473645	13.8928208	13.8950046	13.8317343	
2.164347	13.9900122	13.9277274	13.9376523	13.8666409	
2.175856	14.0328763	13.962634	13.9805164	13.9102741	
2.186932	14.0733996	14.0062672	14.0210397	13.9451807	
2.198115	14.1135949	14.0499005	14.061235	13.988814	
2.209355	14.1532591	14.0848071	14.1008993	14.0237205	
2.220625	14.1922875	14.1284403	14.1399276	14.0673538	
2.231778	14.2301995	14.1720735	14.1778397	14.1022604	
2.243008	14.2676427	14.2069801	14.2152829	14.1458936	
2.254338	14.3046721	14.2418867	14.2523122	14.1895268	
2.26529	14.3397682	14.2767933	14.2874083	14.2244334	
2.276691	14.3755434	14.3116999	14.3231835	14.2680666	
2.287741	14.4095347	14.3553331	14.3571748	14.3116999	
2.298805	14.442841	14.3902397	14.3904812	14.3466065	
2.310053	14.4759804	14.4338729	14.4236206	14.3902397	
2.321201	14.5081093	14.4775061	14.4557495	14.4338729	
2.332467	14.539841	14.5211394	14.4874812	14.4687795	
2.343539	14.5704551	14.556046	14.5180952	14.5036861	
2.355682	14.6029	14.5909525	14.5505402	14.5385927	
2.366229	14.6305724	14.6258591	14.5782125	14.5734993	
2.377656	14.6598125	14.6607657	14.6074526	14.6084058	
2.388779	14.6875302	14.6956723	14.6351704	14.6345858	
2.399946	14.7146657	14.7218522	14.6623058	14.6607657	
2.411183	14.7412552	14.7480322	14.6888953	14.6956723	
2.422327	14.7669173	14.7654855	14.7145574	14.7218522	
2.433668	14.7923008	14.8003921	14.739941	14.7480322	
2.444795	14.8165022	14.8091187	14.7641423	14.7742121	
2.455855	14.8398538	14.8352986	14.7874939	14.7916654	
2.467108	14.8628983	14.8527519	14.8105384	14.8178453	
2.478279	14.8850742	14.8702052	14.8327144	14.8352986	
2.489454	14.9065573	14.8789319	14.8541974	14.8527519	
2.500684	14.9274273	14.8963852	14.8750674	14.8614786	
2.51187	14.9475162	14.9051118	14.8951563	14.8789319	
2.523113	14.9669977	14.9225651	14.9146379	14.8876585	
2.534233	14.9855825	14.9400184	14.9332226	14.8963852	
2.545342	15.003463	14.948745	14.9511031	14.9051118	
2.556871	15.0212643	14.9574717	14.9689044	14.9051118	
2.567767	15.0374461	14.974925	14.9850862	14.9138385	
2.579186	15.0536771	14.9836516	15.0013172	14.9225651	
2.590249	15.0687349	15.0011049	15.016375	14.9225651	
2.601439	15.0832812	15.0098316	15.0309213	14.9400184	
2.612678	15.097195	15.0185582	15.0448352	14.948745	
2.623852	15.1103556	15.0360115	15.0579957	14.9574717	
2.635089	15.1229041	15.0447382	15.0705442	14.974925	
2.646236	15.1346934	15.0621914	15.0823335	14.9923783	
2.657373	15.1458111	15.0796447	15.0934512	15.0098316	
2.668686	15.1564198	15.0796447	15.1040599	15.0272849	
2.679843	15.1662333	15.097098	15.1138735	15.0534648	
2.691082	15.1754599	15.1145513	15.1231	15.0709181	
2.702154	15.183919	15.123278	15.1315591	15.0883714	
2.713375	15.1918495	15.1320046	15.1394896	15.1058247	
2.724596	15.1991454	15.1494579	15.1467855	15.123278	
2.735711	15.2057656	15.1581846	15.1534057	15.1320046	
2.746848	15.21179	15.1669112	15.1594301	15.1407313	
2.758495	15.2174293	15.1843645	15.1650694	15.1494579	
2.76975	15.2222991	15.1843645	15.1699392	15.1581846	
2.780902	15.2265634	15.2018178	15.1742035	15.1669112	
2.792082	15.2302922	15.2105444	15.1779323	15.1669112	
2.803302	15.2335034	15.2192711	15.1811435	15.1669112	
2.816912	15.2365914	15.2192711	15.1842315	15.1669112	
2.825652	15.2383882	15.2192711	15.1860283	15.1669112	
2.836815	15.2401976	15.2192711	15.1878377	15.1669112	
2.848082	15.245278	15.2192711	15.1929181	15.1669112	
2.85944	15.245278	15.2192711	15.1929181	15.1669112	
2.870938	15.245278	15.2192711	15.1929181	15.1669112	
2.881867	15.245278	15.2192711	15.1929181	15.1669112	
2.893084	15.245278	15.2192711	15.1929181	15.1669112	
2.904565	15.245278	15.2192711	15.1929181	15.1669112	
2.915728	15.245278	15.2192711	15.1929181	15.1669112	
2.926899	15.245278	15.2192711	15.1929181	15.1669112	
2.938172	15.245278	15.2192711	15.1929181	15.1669112	
2.949395	15.245278	15.2192711	15.1929181	15.1669112	
2.960611	15.245278	15.2192711	15.1929181	15.1669112	
2.971812	15.245278	15.2192711	15.1929181	15.1669112	
2.982994	15.245278	15.2192711	15.1929181	15.1669112	
2.994346	15.245278	15.2192711	15.1929181	15.1669112	
3.00563	15.245278	15.2192711	15.1929181	15.1669112	
3.01679	15.245278	15.2192711	15.1929181	15.1669112	
3.028081	15.245278	15.2192711	15.1929181	15.1669112	
3.039258	15.245278	15.2192711	15.1929181	15.1669112	
3.05044	15.245278	15.2192711	15.1929181	15.1669112	
3.061659	15.245278	15.2192711	15.1929181	15.1669112	
3.07852	15.245278	15.2192711	15.1929181	15.1669112	
3.089066	15.245278	15.2192711	15.1929181	15.1669112	
3.100217	15.245278	15.2192711	15.1929181	15.1669112	
3.111423	15.245278	15.2192711	15.1929181	15.1669112	
3.122598	15.245278	15.2192711	15.1929181	15.1669112	
3.133853	15.245278	15.2192711	15.1929181	15.1669112	
3.144979	15.245278	15.2192711	15.1929181	15.1669112	
3.156617	15.245278	15.2192711	15.1929181	15.1669112	
3.167002	15.245278	15.2192711	15.1929181	15.1669112	
3.177927	15.245278	15.2192711	15.1929181	15.1669112	
3.193541	15.245278	15.2192711	15.1929181	15.1669112	
3.205232	15.245278	15.2192711	15.1929181	15.1669112	
3.215865	15.245278	15.2192711	15.1929181	15.1669112	
3.227131	15.245278	15.2192711	15.1929181	15.1669112	
3.238239	15.245278	15.2192711	15.1929181	15.1669112	
3.24942	15.245278	15.2192711	15.1929181	15.1669112	
3.260664	15.245278	15.2192711	15.1929181	15.1669112	
3.271771	15.245278	15.2192711	15.1929181	15.1669112	
3.283126	15.245278	15.2192711	15.1929181	15.1669112	
3.294111	15.245278	15.2192711	15.1929181	15.1669112	
3.305482	15.245278	15.2192711	15.1929181	15.1669112	
3.316221	15.245278	15.2192711	15.1929181	15.1669112	
3.3269	15.245278	15.2192711	15.1929181	15.1669112	
3.33781	15.245278	15.2192711	15.1929181	15.1669112	
3.348496	15.245278	15.2192711	15.1929181	15.1669112	
3.359226	15.245278	15.2192711	15.1929181	15.1669112	
3.369982	15.245278	15.2192711	15.1929181	15.1669112	
3.380891	15.245278	15.2192711	15.1929181	15.1669112	
3.391645	15.245278	15.2192711	15.1929181	15.1669112	
3.402408	15.245278	15.2192711	15.1929181	15.1669112	
3.413286	15.245278	15.2192711	15.1929181	15.1669112	
3.424123	15.245278	15.2192711	15.1929181	15.1669112	
3.43496	15.245278	15.2192711	15.1929181	15.1669112	
3.445566	15.245278	15.2192711	15.1929181	15.1669112	
3.456381	15.245278	15.2192711	15.1929181	15.1669112	
3.467191	15.245278	15.2192711	15.1929181	15.1669112	
3.478381	15.245278	15.2192711	15.1929181	15.1669112	
3.489121	15.245278	15.2192711	15.1929181	15.1669112	
3.499939	15.245278	15.2192711	15.1929181	15.1669112	
3.510735	15.245278	15.2192711	15.1929181	15.1669112	
3.521503	15.245278	15.2192711	15.1929181	15.1669112	
3.532293	15.245278	15.2192711	15.1929181	15.1669112	
3.543049	15.245278	15.2192711	15.1929181	15.1669112	
3.55388	15.245278	15.2192711	15.1929181	15.1669112	
3.572651	15.245278	15.2192711	15.1929181	15.1669112	
3.577068	15.245278	15.2192711	15.1929181	15.1669112	
3.587278	15.245278	15.2192711	15.1929181	15.1669112	
3.59732	15.245278	15.2192711	15.1929181	15.1669112	
3.608416	15.245278	15.2192711	15.1929181	15.1669112	
3.619583	15.245278	15.2192711	15.1929181	15.1669112	
3.630024	15.245278	15.2192711	15.1929181	15.1669112	
3.640784	15.245278	15.2192711	15.1929181	15.1669112	
3.651717	15.245278	15.2192711	15.1929181	15.1669112	
3.662589	15.245278	15.2192711	15.1929181	15.1669112	
3.673429	15.245278	15.2192711	15.1929181	15.1669112	
3.68428	15.245278	15.2192711	15.1929181	15.1669112	
3.695056	15.245278	15.2192711	15.1929181	15.1669112	
3.707435	15.245278	15.2192711	15.1929181	15.1669112	
3.71758	15.245278	15.2192711	15.1929181	15.1669112	
3.728406	15.245278	15.2192711	15.1929181	15.1669112	
3.739599	15.245278	15.2192711	15.1929181	15.1669112	
3.750762	15.245278	15.2192711	15.1929181	15.1669112	
3.761999	15.245278	15.2192711	15.1929181	15.1669112	
3.773185	15.245278	15.2192711	15.1929181	15.1669112	
3.784358	15.245278	15.2192711	15.1929181	15.1669112	
3.795551	15.245278	15.2192711	15.1929181	15.1669112	
3.806891	15.245278	15.2192711	15.1929181	15.1669112	
3.820035	15.245278	15.2192711	15.1929181	15.1669112	
3.82972	15.245278	15.2192711	15.1929181	15.1669112	
3.840898	15.245278	15.2192711	15.1929181	15.1669112	
3.852057	15.245278	15.2192711	15.1929181	15.1669112	
3.863256	15.245278	15.2192711	15.1929181	15.1669112	
3.874454	15.245278	15.2192711	15.1929181	15.1669112	
3.885708	15.245278	15.2192711	15.1929181	15.1669112	
3.896856	15.245278	15.2192711	15.1929181	15.1669112	
3.908555	15.245278	15.2192711	15.1929181	15.1669112	
3.919722	15.245278	15.2192711	15.1929181	15.1669112	
3.930899	15.245278	15.2192711	15.1929181	15.1669112	
3.94207	15.245278	15.2192711	15.1929181	15.1669112	
3.953263	15.245278	15.2192711	15.1929181	15.1669112	
3.964424	15.245278	15.2192711	15.1929181	15.1669112	
3.975626	15.245278	15.2192711	15.1929181	15.1669112	
3.986784	15.245278	15.2192711	15.1929181	15.1669112	
3.998062	15.245278	15.2192711	15.1929181	15.1669112	
4.009205	15.245278	15.2192711	15.1929181	15.1669112	
4.020442	15.245278	15.2192711	15.1929181	15.1669112	
4.03162	15.245278	15.2192711	15.1929181	15.1669112	
4.043418	15.245278	15.2192711	15.1929181	15.1669112	
4.054283	15.245278	15.2192711	15.1929181	15.1669112	
4.065474	15.245278	15.2192711	15.1929181	15.1669112	
4.076703	15.245278	15.2192711	15.1929181	15.1669112	
4.08789	15.245278	15.2192711	15.1929181	15.1669112	
4.09915	15.245278	15.2192711	15.1929181	15.1669112	
4.110241	15.245278	15.2192711	15.1929181	15.1669112	
4.121734	15.245278	15.2192711	15.1929181	15.1669112	
4.133297	15.245278	15.2192711	15.1929181	15.1669112	
4.144446	15.245278	15.2192711	15.1929181	15.1669112	
4.155619	15.245278	15.2192711	15.1929181	15.1669112	
4.166942	15.245278	15.2192711	15.1929181	15.1669112	
4.178072	15.245278	15.2192711	15.1929181	15.1669112	
4.189308	15.245278	15.2192711	15.1929181	15.1669112	
4.200476	15.245278	15.2192711	15.1929181	15.1669112	
4.211656	15.245278	15.2192711	15.1929181	15.1669112	
4.222992	15.245278	15.2192711	15.1929181	15.1669112	
4.234204	15.245278	15.2192711	15.1929181	15.1669112	
4.245399	15.245278	15.2192711	15.1929181	15.1669112	
4.25656	15.245278	15.2192711	15.1929181	15.1669112	
4.26885	15.245278	15.2192711	15.1929181	15.1669112	
4.279965	15.245278	15.2192711	15.1929181	15.1669112	
4.291264	15.245278	15.2192711	15.1929181	15.1669112	
4.302637	15.245278	15.2192711	15.1929181	15.1669112	
4.313527	15.245278	15.2192711	15.1929181	15.1669112	
4.324797	15.245278	15.2192711	15.1929181	15.1669112	
4.335917	15.245278	15.2192711	15.1929181	15.1669112	
4.347115	15.245278	15.2192711	15.1929181	15.1669112	
4.358319	15.245278	15.2192711	15.1929181	15.1669112	
4.369539	15.245278	15.2192711	15.1929181	15.1669112	
4.38079	15.245278	15.2192711	15.1929181	15.1669112	
4.391901	15.245278	15.2192711	15.1929181	15.1669112	
4.403368	15.245278	15.2192711	15.1929181	15.1669112	
4.414226	15.245278	15.2192711	15.1929181	15.1669112	
4.425737	15.245278	15.2192711	15.1929181	15.1669112	
4.436767	15.245278	15.2192711	15.1929181	15.1669112	
4.447878	15.245278	15.2192711	15.1929181	15.1669112	
4.45905	15.245278	15.2192711	15.1929181	15.1669112	
4.470244	15.245278	15.2192711	15.1929181	15.1669112	
4.481441	15.245278	15.2192711	15.1929181	15.1669112	
4.492644	15.245278	15.2192711	15.1929181	15.1669112	
4.503831	15.245278	15.2192711	15.1929181	15.1669112	
4.515277	15.245278	15.2192711	15.1929181	15.1669112	
4.526222	15.245278	15.2192711	15.1929181	15.1669112	
4.537298	15.245278	15.2192711	15.1929181	15.1669112	
4.548895	15.245278	15.2192711	15.1929181	15.1669112	
4.560006	15.245278	15.2192711	15.1929181	15.1669112	
4.571269	15.245278	15.2192711	15.1929181	15.1669112	
4.582366	15.245278	15.2192711	15.1929181	15.1669112	
4.593642	15.245278	15.2192711	15.1929181	15.1669112	
4.604875	15.245278	15.2192711	15.1929181	15.1669112	
4.624787	15.245278	15.2192711	15.1929181	15.1669112	
4.629229	15.245278	15.2192711	15.1929181	15.1669112	
4.639374	15.245278	15.2192711	15.1929181	15.1669112	
4.650246	15.245278	15.2192711	15.1929181	15.1669112	
4.661146	15.245278	15.2192711	15.1929181	15.1669112	
4.672351	15.245278	15.2192711	15.1929181	15.1669112	
4.683616	15.245278	15.2192711	15.1929181	15.1669112	
4.695017	15.245278	15.2192711	15.1929181	15.1669112	
4.706095	15.245278	15.2192711	15.1929181	15.1669112	
4.71725	15.245278	15.2192711	15.1929181	15.1669112	
4.728488	15.245278	15.2192711	15.1929181	15.1669112	
4.739679	15.245278	15.2192711	15.1929181	15.1669112	
4.750871	15.245278	15.2192711	15.1929181	15.1669112	
4.762084	15.245278	15.2192711	15.1929181	15.1669112	
4.773295	15.245278	15.2192711	15.1929181	15.1669112	
4.784505	15.245278	15.2192711	15.1929181	15.1669112	
4.795682	15.245278	15.2192711	15.1929181	15.1669112	
4.806842	15.245278	15.2192711	15.1929181	15.1669112	
4.820846	15.245278	15.2192711	15.1929181	15.1669112	
4.830189	15.245278	15.2192711	15.1929181	15.1669112	
4.841368	15.245278	15.2192711	15.1929181	15.1669112	
4.853119	15.245278	15.2192711	15.1929181	15.1669112	
4.864093	15.245278	15.2192711	15.1929181	15.1669112	
4.876897	15.245278	15.2192711	15.1929181	15.1669112	
4.888179	15.245278	15.2192711	15.1929181	15.1669112	
4.899418	15.245278	15.2192711	15.1929181	15.1669112	
4.910535	15.245278	15.2192711	15.1929181	15.1669112	
4.921734	15.245278	15.2192711	15.1929181	15.1669112	
4.932996	15.245278	15.2192711	15.1929181	15.1669112	
4.944165	15.245278	15.2192711	15.1929181	15.1669112	
4.955403	15.245278	15.2192711	15.1929181	15.1669112	
4.966759	15.245278	15.2192711	15.1929181	15.1669112	
4.97777	15.245278	15.2192711	15.1929181	15.1669112	
4.988929	15.245278	15.2192711	15.1929181	15.1669112	
5.000103	15.245278	15.2192711	15.1929181	15.1669112	
5.011352	15.245278	15.2192711	15.1929181	15.1669112	
5.022593	15.245278	15.2192711	15.1929181	15.1669112	
5.033691	15.245278	15.2192711	15.1929181	15.1669112	
5.044952	15.245278	15.2192711	15.1929181	15.1669112	
5.056137	15.245278	15.2192711	15.1929181	15.1669112	
5.081384	15.245278	15.2192711	15.1929181	15.1669112	
5.086901	15.245278	15.2192711	15.1929181	15.1669112	
5.096706	15.245278	15.2192711	15.1929181	15.1669112	
5.106439	15.245278	15.2192711	15.1929181	15.1669112	
5.116695	15.245278	15.2192711	15.1929181	15.1669112	
5.126797	15.245278	15.2192711	15.1929181	15.1669112	
5.136961	15.245278	15.2192711	15.1929181	15.1669112	
5.146776	15.245278	15.2192711	15.1929181	15.1669112	
5.157007	15.245278	15.2192711	15.1929181	15.1669112	
5.168622	15.245278	15.2192711	15.1929181	15.1669112	
5.179796	15.245278	15.2192711	15.1929181	15.1669112	
5.191026	15.245278	15.2192711	15.1929181	15.1669112	
5.202239	15.245278	15.2192711	15.1929181	15.1669112	
5.213441	15.245278	15.2192711	15.1929181	15.1669112	
5.224665	15.245278	15.2192711	15.1929181	15.1669112	
5.244562	15.245278	15.2192711	15.1929181	15.1669112	
5.248972	15.245278	15.2192711	15.1929181	15.1669112	
5.259096	15.245278	15.2192711	15.1929181	15.1669112	
5.269751	15.245278	15.2192711	15.1929181	15.1669112	
5.280947	15.245278	15.2192711	15.1929181	15.1669112	
5.292136	15.245278	15.2192711	15.1929181	15.1669112	
5.303305	15.245278	15.2192711	15.1929181	15.1669112	
5.314454	15.245278	15.2192711	15.1929181	15.1669112	
5.325683	15.245278	15.2192711	15.1929181	15.1669112	
5.336862	15.245278	15.2192711	15.1929181	15.1669112	
5.348091	15.245278	15.2192711	15.1929181	15.1669112	
5.359225	15.245278	15.2192711	15.1929181	15.1669112	
5.370522	15.245278	15.2192711	15.1929181	15.1669112	
5.382184	15.245278	15.2192711	15.1929181	15.1669112	
5.39338	15.245278	15.2192711	15.1929181	15.1669112	
5.404535	15.245278	15.2192711	15.1929181	15.1669112	
5.415743	15.245278	15.2192711	15.1929181	15.1669112	
5.426936	15.245278	15.2192711	15.1929181	15.1669112	
5.438212	15.245278	15.2192711	15.1929181	15.1669112	
5.449418	15.245278	15.2192711	15.1929181	15.1669112	
5.460764	15.245278	15.2192711	15.1929181	15.1669112	
5.47175	15.245278	15.2192711	15.1929181	15.1669112	
5.482927	15.245278	15.2192711	15.1929181	15.1669112	
5.494102	15.245278	15.2192711	15.1929181	15.1669112	
5.505304	15.245278	15.2192711	15.1929181	15.1669112	
5.516759	15.245278	15.2192711	15.1929181	15.1669112	
5.527734	15.245278	15.2192711	15.1929181	15.1669112	
5.538892	15.245278	15.2192711	15.1929181	15.1669112	
5.550133	15.245278	15.2192711	15.1929181	15.1669112	
5.561307	15.245278	15.2192711	15.1929181	15.1669112	
5.572506	15.245278	15.2192711	15.1929181	15.1669112	
5.584045	15.245278	15.2192711	15.1929181	15.1669112	
5.594861	15.245278	15.2192711	15.1929181	15.1669112	
5.61457	15.245278	15.2192711	15.1929181	15.1669112	
5.618958	15.245278	15.2192711	15.1929181	15.1669112	
5.629129	15.245278	15.2192711	15.1929181	15.1669112	
5.63976	15.245278	15.2192711	15.1929181	15.1669112	
5.650978	15.245278	15.2192711	15.1929181	15.1669112	
